time,carts_cpu,carts-db_cpu,catalogue_cpu,catalogue-db_cpu,front-end_cpu,orders_cpu,orders-db_cpu,payment_cpu,queue-master_cpu,rabbitmq_cpu,shipping_cpu,user_cpu,user-db_cpu,carts_memory,carts-db_memory,catalogue_memory,catalogue-db_memory,front-end_memory,orders_memory,orders-db_memory,payment_memory,queue-master_memory,rabbitmq_memory,shipping_memory,user_memory,user-db_memory,carts_memory_rss,carts-db_memory_rss,catalogue_memory_rss,catalogue-db_memory_rss,front-end_memory_rss,orders_memory_rss,orders-db_memory_rss,payment_memory_rss,queue-master_memory_rss,rabbitmq_memory_rss,shipping_memory_rss,user_memory_rss,user-db_memory_rss,carts_memory_cache,carts-db_memory_cache,catalogue_memory_cache,catalogue-db_memory_cache,front-end_memory_cache,orders_memory_cache,orders-db_memory_cache,payment_memory_cache,queue-master_memory_cache,rabbitmq_memory_cache,shipping_memory_cache,user_memory_cache,user-db_memory_cache,carts_energy,carts-db_energy,catalogue_energy,catalogue-db_energy,front-end_energy,orders_energy,orders-db_energy,payment_energy,queue-master_energy,rabbitmq_energy,shipping_energy,user_energy,user-db_energy,carts_power,carts-db_power,catalogue_power,catalogue-db_power,front-end_power,orders_power,orders-db_power,payment_power,queue-master_power,rabbitmq_power,shipping_power,user_power,user-db_power
1701273799.638,2.72341204400797,1.39890954768491,1.28545292210067,0.6889814165497901,6.04918979666339,0.25661654944692,0.64187833727358,0.30761028174101,0.38512324963609,10.492278923709431,0.24308148614157,2.14602056238697,1.29958197409231,15292478.196035644,9718654.367026497,949257.046697518,15117.738244629803,2351839.375022816,21306795.5151764,3870914.052756008,1073526.313888387,158812115.2838428,13368041.662859753,6720917.999784304,1479818.8788426763,4224014.012041598,18845.026368430623,950.0936747256668,0.0,4514232.228537683,2099213.083634505,0.0,0,147.9501535127325,26338338.2823872,7526236.272270443,0.0,7925.352622061483,74.73088852399196,0,2046.3556071014364,0,0,0.0,0,0.0,0,0,0,0,0,149.46177704798393,0.3407374545454545,0.2424772727272725,0.3978414640772725,0.1872227772181814,1.137880189840909,0.0757863636363635,0.2223652727272725,0.1348313636363635,0.1550163261454545,3.012582636363636,0.0742649090909089,0.4672754923681815,0.3329152727272725,0.0681474909090909,0.0484954545454545,0.0795682928154545,0.0374445554436363,0.2275760379681818,0.0151572727272727,0.0444730545454545,0.0269662727272727,0.0310032652290909,0.6025165272727272,0.0148529818181818,0.0934550984736363,0.0665830545454545
1701273804.638,3.29431213822652,1.89084538693472,4.13273745771488,1.9845020173447,24.42753894150718,0.2532658184704099,0.6521758574080401,0.31388598582712,0.39952523923444,10.25864769266724,0.23529474430785,2.63637957934708,1.59791160168579,15556448.072696377,9952250.854271356,634547.7390403864,8902667.510328656,22061990.43918858,20596709.888009235,3745285.490295024,1097169.853104008,158188030.738002,10958845.16511766,13597069.324216193,1506600.748400892,4223189.651712247,19139.833404133497,1047.8574691640017,0.0,9104441.284847582,11844321.057060497,0.0,0,151.17738244629803,26235304.62519936,5556443.022273357,0.0,8078.895463510848,74.72952509532757,0,3517.8072179077203,0,0,9391173.00979834,0,0.0,0,0,0,0,0,224.18857528598272,0.386367658563636,0.2635154545454545,0.4073837945545455,0.2050347279590905,1.8350272953409092,0.078280545454545,0.2116500909090904,0.1264515943863635,0.1487460793272725,2.616170818181818,0.0674323636363635,0.508870852731818,0.3366883636363635,0.0772735317127272,0.0527030909090909,0.0814767589109091,0.0410069455918181,0.3670054590681819,0.015656109090909,0.0423300181818181,0.0252903188772727,0.0297492158654545,0.5232341636363637,0.0134864727272727,0.1017741705463636,0.0673376727272727
1701273809.638,3.30283389839665,1.91587603005202,6.16907760316048,3.51709991715455,44.23537432937615,0.25960253205529,0.6310054883435801,0.31687836743626,0.3982323951772499,10.124075628805231,0.23629437504605,2.64342261229522,1.59573803999362,22758441.50603495,7504680.982383953,963567.6221305628,17597009.610074006,35808198.989733204,20539001.492617834,3122052.539530858,1298179.6695480903,130888096.45492172,8660876.652998919,13775437.541454788,1447489.025893958,4097741.157299988,18668.49216357413,1053.3624791050534,0.0,13509530.689642474,15233935.043857248,0.0,0,149.3963599226757,26049292.20802592,5486852.903065481,0.0,7720.133873524749,72.54822083281674,0,3611.5284997887534,0,0,9561430.905643998,0,0.0,0,0,0,0,0,72.54822083281674,0.3969677498772725,0.2622412727272725,0.6846047259621211,0.2074535015681815,2.2745710909090904,0.0719411818181815,0.202644,0.116019727272727,0.150975748272727,2.1549975454545454,0.061161818181818,0.5025593703272725,0.333315818181818,0.0793935499754545,0.0524482545454545,0.1369209451924242,0.0414907003136363,0.4549142181818181,0.0143882363636363,0.0405288,0.0232039454545454,0.0301951496545454,0.4309995090909091,0.0122323636363636,0.1005118740654545,0.0666631636363636
1701273814.638,3.55998879094526,2.06281431976937,7.48597969160219,4.59050300542442,65.49198028784062,0.26101465262922,0.64468560937643,0.30392745867438,0.39595529092445,9.92303451445488,0.22854601773134,2.81861906852074,1.68770366486427,14876938.89496139,7547936.282662528,1290224.9448664545,26258371.49978009,42634366.0413748,28075830.96098532,3173659.261972347,1261723.0517924044,156885053.40355545,11133048.061108878,13611178.53306876,1480599.1113349765,3511208.695177235,18269.59557138324,1059.6888051151277,0.0,13447637.589796215,22097652.08056622,0.0,0,145.45196285577316,26019793.43195585,7522981.177588539,0.0,7884.149741855403,74.5717042620205,0,4238.75522046051,0,0,9669556.14041957,0,225.0343375148796,0,0,0,0,0,74.5717042620205,0.424122083612121,0.256621545454545,0.8602056542772725,0.346196925890909,2.7612251501303025,0.0713573636363635,0.1838780909090905,0.1112566339454544,0.142349727272727,2.230049818181818,0.0606104545454545,0.5148409109257575,0.3130124545454544,0.0848244167224242,0.051324309090909,0.1720411308554545,0.0692393851781818,0.5522450300260605,0.0142714727272727,0.0367756181818181,0.0222513267890909,0.0284699454545454,0.4460099636363636,0.0121220909090909,0.1029681821851515,0.0626024909090909
1701273819.638,4.20505296526507,2.23801102805824,9.23509315940471,5.83043505940291,99.93492007065332,0.25630122460952,0.61363069562875,0.2826161213672,0.39498315483558,9.67583904500429,0.2285079175204399,3.19831675521575,1.7763101882025598,23127124.24131628,5064535.951358287,1326187.4125874124,25756571.49019537,43145135.51604147,27912841.827381387,3109151.135445651,1084455.4925973315,130478354.44809216,8753465.403387886,13799870.18884643,1901771.1545937536,3528415.070850573,18944.93601462524,990.0894367899444,0.0,17585037.870481875,23357850.9723942,0.0,0,149.7349661853409,25968447.48219508,5549753.660637382,0.0,8113.293470815824,74.98810003295375,0,4721.965006228966,0,0,18413060.243979894,0,220.59061125572208,0,0,0,0,0,74.98810003295375,0.456682894531818,0.2528144545454545,0.877566784059091,0.3619446126363635,6.398855242708335,0.0624921818181815,0.166147727272727,0.079555636363636,0.135828644981818,2.2903571818181816,0.062133727272727,0.5271966814454545,0.301196818181818,0.0913365789063636,0.0505628909090909,0.1755133568118182,0.0723889225272727,1.279771048541667,0.0124984363636363,0.0332295454545454,0.0159111272727272,0.0271657289963636,0.4580714363636363,0.0124267454545454,0.1054393362890909,0.0602393636363636
1701273824.638,4.86583390507815,2.56654081319809,10.613064764351533,7.0684855425050594,119.6059895834108,0.28465100380879,0.62129215304916,0.28284045931854,0.39899945838861,9.32998745923293,0.22595460348907,3.59506134099616,1.93372417475038,23088441.14373301,4971920.286152273,1639851.4528703047,35554527.33466113,57495105.81978271,27098948.207738586,3147922.8574025263,1299888.9704802467,158626591.010705,11103342.91700829,13713218.35158586,1791482.8282828282,2739399.211171517,18909.32978121636,1195.9997080078838,0.0,22763857.56566089,36130315.3591735,0.0,0,150.3891907769129,26309212.26440813,7504594.40648629,0.0,7632.741205154998,72.77120420708525,0,5531.498649536463,0,0,20134784.59332813,0,223.35726620012724,0,0,0,0,0,72.77120420708525,0.462951000012121,0.2470413636363634,1.1003260693893937,0.5044902329590905,8.456679857012121,0.0605716363636359,0.149638818181818,0.07466130065,0.135308636363636,1.807065090909091,0.052612545454545,0.546767686284848,0.273512727272727,0.0925902000024242,0.0494082727272727,0.2200652138778787,0.1008980465918181,1.6913359714024243,0.0121143272727272,0.0299277636363636,0.01493226013,0.0270617272727272,0.3614130181818182,0.010522509090909,0.1093535372569696,0.0547025454545454
1701273829.638,5.45544949634854,2.8136357145449,12.26978373616203,8.08565351308371,148.59829255257642,0.28540149829152,0.5974164246739999,0.31831827517941,0.3982956148142699,9.011558403904631,0.23610350662662,4.08439652262175,2.10009071997105,30336658.48832608,2474199.180060225,1652513.5798953478,43138572.21338732,57777051.73379586,27820453.507281333,3841822.990844354,1044236.0094743168,131846752.35212009,8882163.579741027,6723792.191911381,2315197.3835078287,2791548.480463097,18640.2849228334,1188.8401117440046,0.0,22100901.546913404,35138363.51810363,0.0,0,144.80149892176618,26241487.37378316,7501314.24720902,0.0,8238.040638333865,74.09551374819102,0,6241.410586656024,0,0,21369911.84378117,0,227.2819753999815,0,0,0,0,0,74.09551374819102,0.459621712862121,0.2331596363636359,1.0734612342999998,0.513129892021212,8.923282558475,0.055013545454545,0.129656727272727,0.0556762727272725,0.126508545454545,1.4130115454545455,0.044521,0.58119512310303,0.238904636363636,0.0919243425724242,0.0466319272727272,0.21469224686,0.1026259784042424,1.784656511695,0.011002709090909,0.0259313454545454,0.0111352545454545,0.025301709090909,0.2826023090909091,0.0089042,0.116239024620606,0.0477809272727272
1701273834.638,6.1420632893823495,3.14080526218512,13.96808184479444,9.31291292137892,165.30119968984246,0.28522856464835,0.60541253712735,0.2761928943220499,0.40307026282439,8.82527090301003,0.23013464796909,4.4194090491038,2.27107828721763,30801683.62613682,2524161.9873204813,1674415.9048867654,51992885.7262149,62447714.1035582,27794045.380697686,3175297.422170071,1078013.26930831,133580590.29882272,8865782.172458922,13563769.170763563,1801529.3769269623,2800054.28649188,18924.86942547208,1362.7340443228657,0.0,22200800.3340171,44915902.47264581,0.0,0,150.1411238590961,26586573.51185557,7490819.834230044,0.0,7634.203696284554,74.3173364782727,0,7116.500009241631,0,0,27741427.75911088,0,225.2942686370137,0,0,0,0,0,74.3173364782727,0.552817649060606,0.266064818181818,1.283563853483333,0.6531630747272725,11.21129057192212,0.053984095404545,0.1142082727272725,0.0492773636363634,0.120028727272727,1.414301,0.0381220909090904,0.5823797041696965,0.240461818181818,0.1105635298121212,0.0532129636363636,0.2567127706966666,0.1306326149454545,2.242258114384424,0.010796819080909,0.0228416545454545,0.0098554727272727,0.0240057454545454,0.2828602,0.0076244181818181,0.1164759408339393,0.0480923636363636
1701273839.638,6.68640226412367,3.4001972695195497,15.677842161627073,10.44309816150293,199.21220198939,0.28191199482058,0.58793293075832,0.30648258026997,0.32102518283582,8.600203860294119,0.23310272364571,4.93274691890311,2.45573165314828,37994361.32242131,2480353.4967882023,1356634.1252699783,60999313.3843317,85663454.28773664,20826761.59906624,2555164.3868402154,829724.0334120467,135687871.04477614,9054688.057041,13260159.943257378,1887151.7255238688,2821010.601094897,18680.6071312687,1334.081244910884,0.0,26793342.4132328,46701774.38133789,0.0,0,144.3625982448102,27006700.89552239,9560679.738562092,0.0,8006.869210954199,74.99496493765676,0,7708.024970596219,0,0,27829913.657672327,0,226.22751624721545,0,0,0,0,0,74.99496493765676,0.6154287051590905,0.2880040909090905,1.321677866468182,0.6679487915318181,14.50512817696212,0.039721909090909,0.088908909090909,0.040384636363636,0.0796373636363634,1.007189727272727,0.0380805466590905,0.6137509515863635,0.239863,0.1230857410318181,0.0576008181818181,0.2643355732936364,0.1335897583063636,2.901025635392424,0.0079443818181818,0.0177817818181818,0.0080769272727272,0.0159274727272727,0.2014379454545454,0.0076161093318181,0.1227501903172727,0.0479726
1701273844.638,7.02184967560249,3.65014532356846,17.972672759622892,11.64699191217898,221.5930871166986,0.28163369332052,0.59120160795339,0.26615961484264,0.22255379123715,8.166420358832879,0.22823787624502,5.0616294516897,2.53385605705,37569907.31498645,2532495.867768595,1746641.7259753323,69391619.34534086,108034050.44657984,21115502.625933874,3182741.863755812,882304.1803663691,103583318.05800354,8909602.616337493,20460049.76467584,1845900.0035535344,2085861.563459108,18470.83986881506,2266.824085005904,0.0,26672872.684974827,58717553.3091713,0.0,0,153.91263503992482,72.92278659046806,9407860.851771329,0.0,7787.072243346009,73.94836613107059,0,8387.249114521841,0,0,28133150.17334427,0,225.81178675781467,0,0,0,0,0,73.94836613107059,0.6434401666,0.2877930909090905,1.4914473764454543,0.806621121572727,15.037212924339826,0.0314711818181814,0.067559636363636,0.032133909090909,0.025391909090909,1.0078260909090906,0.021620636363636,0.6099502727272725,0.2502354545454545,0.12868803332,0.0575586181818181,0.2982894752890909,0.1613242243145454,3.0074425848679653,0.0062942363636363,0.0135119272727272,0.0064267818181818,0.0050783818181818,0.2015652181818181,0.0043241272727272,0.1219900545454545,0.0500470909090909
1701273849.638,7.84792048157979,3.61938533286908,19.51186831066688,12.6952643237048,243.63910917316883,0.2761072797496,0.56382133261974,0.31380675625233,0.22388762091076,8.19806455548993,0.22656083820732,5.32960751965895,2.54355993657128,38026681.10683922,5017714.463726155,2038939.5379321645,68375862.03685464,123041087.25837308,13934017.535831306,2473967.924360004,834795.0727883539,105390200.1956309,9003911.097984198,20122340.378198,2210330.0553495623,1373969.1408616323,5101.424162018735,1801.3963460446023,0.0,26281560.28724414,70327818.549227,0.0,0,145.61225759434046,74.19483389486649,9504909.695045412,0.0,440.2170992530496,72.9786551687275,0,8331.458100456288,0,0,31241854.72388383,0,219.2132726786192,0,0,0,0,0,72.9786551687275,0.5490253636363636,0.2457241818181815,1.5025120205393936,0.8164315155545455,17.814788961089395,0.0291034545454545,0.0555259999999995,0.032506477813636,0.018093818181818,0.805598818181818,0.0166903636363635,0.4467403636363635,0.2071264545454545,0.1098050727272727,0.0491448363636363,0.3005024041078787,0.1632863031109091,3.5629577922178792,0.0058206909090909,0.0111051999999999,0.0065012955627272,0.0036187636363636,0.1611197636363636,0.0033380727272727,0.0893480727272727,0.0414252909090909
1701273854.638,6.41947033422391,3.23229939867924,19.8749000594145,13.13065868362536,267.1736304047864,0.27379038734606,0.57459478193146,0.27713963870777,0.21376499972742,7.88077792469256,0.21693297658618,4.00561511491083,2.26906665633772,38283824.582447335,5049245.139631829,2020861.4741997048,67906382.85155208,127639651.49867588,13682561.55297924,2512038.252553792,867257.3930068896,105725418.18247896,8850967.606195813,27310207.546480622,1895576.6868909723,1405699.5370201597,0.0,1359.943925923193,0.0,26106344.00071156,69243283.52138558,0.0,0,0.0,74.4307753811488,9343224.580113905,0.0,0.0,0.0,0,7479.691592577562,0,0,37083436.8693365,0,222.56031297544007,0,0,0,0,0,74.66005614086252,0.559097818181818,0.265942727272727,1.5224120909090906,0.8664531818181815,20.638503561854545,0.030519636363636,0.054014909090909,0.0281361818181814,0.0175900909090905,0.7257593636363635,0.0206132727272725,0.288654818181818,0.1297973636363635,0.1118195636363636,0.0531885454545454,0.3044824181818181,0.1732906363636363,4.127700712370909,0.0061039272727272,0.0108029818181818,0.0056272363636363,0.0035180181818181,0.1451518727272727,0.0041226545454545,0.0577309636363636,0.0259594727272727
1701273859.638,6.23885451720231,3.00971839480271,18.82931783342126,13.0857539589129,275.0353800446638,0.2744511468693399,0.5524746286836201,0.29620893259028,0.20024521993298,7.7404786626638495,0.21871829210188,3.86766923415654,2.11738035013854,38510651.60323206,5037078.916372203,2366829.5452477573,68062801.62636422,127930578.16187954,14047229.39233452,2521325.649462796,629039.5456006859,103696005.70328651,11370946.316358684,27402292.54168957,2268574.6578107225,2078953.2548850265,0.0,1281.5076560659602,0.0,26170690.63413938,61315063.00156143,0.0,0,0.0,0.0,11524386.880232709,0.0,0.0,0.0,0,6784.452296819789,0,0,32256204.509967685,0,223.38975039540423,0,0,0,0,0,0.0,0.5008780909090905,0.265593818181818,1.5089024545454546,0.845319909090909,21.65348294630167,0.0303324545454545,0.0509944545454545,0.0286488449863634,0.0177194545454545,0.6336539999999995,0.0204260909090905,0.2903904545454545,0.1275510909090905,0.1001756181818181,0.0531187636363636,0.3017804909090909,0.1690639818181818,4.3306965892603335,0.0060664909090909,0.0101988909090909,0.0057297689972727,0.0035438909090909,0.1267307999999999,0.0040852181818181,0.0580780909090909,0.0255102181818181
1701273864.638,6.704339151626259,3.19970516829918,18.30786736762007,12.93434610881102,275.30089568538773,0.2664250342783,0.5522756406303799,0.25775282617006,0.20064747715754,7.780814873825919,0.22586510678278,4.17435939483555,2.26342129802796,38602745.43289052,4875151.843276937,2073733.5139850408,60904589.32316839,110566034.40293457,21156974.615527146,3141472.5159137486,641097.482387636,134515409.75844342,13289545.40995222,27018162.10746937,2229770.3404500866,1428006.443847792,0.0,1240.106856634016,76.02219788785985,22304893.54173886,66898172.72694896,0.0,0,0.0,0.0,13095249.023490723,0.0,0.0,0.0,0,7221.79875333927,0,0,31914271.59086862,0,222.8468834442611,0,0,0,0,0,75.84482918248311,0.5359459072045449,0.284297792993939,1.4351341818181815,0.8435764545454545,23.97060727272727,0.0301922727272725,0.045449636363636,0.0228154545454545,0.0175104545454545,0.7087816363636359,0.0202170909090904,0.2798924545454544,0.1430844545454545,0.107189181440909,0.0568595585987878,0.2870268363636363,0.1687152909090909,4.794121454545454,0.0060384545454545,0.0090899272727272,0.0045630909090909,0.0035020909090909,0.1417563272727272,0.0040434181818181,0.0559784909090909,0.0286168909090909
1701273869.638,7.0130382870026,3.325617965507361,18.50415023166313,12.97951189794603,275.760712174616,0.26419116678958,0.54213068987284,0.2997738805002299,0.20361538959956,7.6799248700282305,0.22770074898967,4.33771528395239,2.33072372643657,38302436.7398142,4897378.560183197,2088940.1038747523,51211725.47055034,111085521.45872632,20537833.3363311,3121662.476327893,652400.4075961094,107710005.96108632,13159014.337368904,33571750.33677593,2580485.87408576,2100855.2226573173,0.0,1245.7420924574208,76.52355864439711,21880973.878193658,60674662.78631098,0.0,0,0.0,0.0,11117609.023367932,0.0,0.0,650451.2157362718,0,7327.89466151424,0,0,38352143.429444,0,0.0,0,0,0,0,0,74.6015845551407,0.5301854545454545,0.281263636363636,1.215032818181818,0.8447764545454545,24.96075190909091,0.0284068796863635,0.045643545454545,0.0276019090909089,0.0175750909090905,0.620548727272727,0.020281727272727,0.2713790909090905,0.136257818181818,0.1060370909090909,0.0562527272727272,0.2430065636363636,0.1689552909090909,4.992150381818182,0.0056813759372727,0.009128709090909,0.0055203818181818,0.0035150181818181,0.1241097454545454,0.0040563454545454,0.0542758181818181,0.0272515636363636
1701273874.638,6.96962107283953,3.407455316585449,18.62594856428085,12.98367976183842,275.913784723811,0.26653859409772,0.5621503830504699,0.27505170362561,0.2038876943733699,7.78912834346369,0.22190448274001,4.55726596604401,2.4025784895690903,39074318.99541854,4922948.73132047,2059942.2401265565,53176548.849133365,134359863.32607654,20496911.03611689,2539261.757266963,662876.2471292496,105567965.7431096,13113985.907159377,33622404.77775179,2193689.433948889,2101620.770702378,0.0,1325.8285529320792,75.34536357449,18176442.28947222,61075152.06080957,0.0,0,0.0,0.0,11079535.689312031,0.0,0.0,650688.2390452765,0,7586.685608444676,0,0,38203614.62676654,0,0.0,0,0,0,0,0,74.62876924478455,0.4972651818181814,0.3094560909090905,1.221410636363636,0.8387277272727269,23.94030572727272,0.030235545454545,0.0480207272727269,0.025121818181818,0.017540818181818,0.5427682727272725,0.0202474545454545,0.3119913636363635,0.1641644545454545,0.0994530363636363,0.0618912181818181,0.2442821272727272,0.1677455454545454,4.788061145454544,0.006047109090909,0.0096041454545454,0.0050243636363636,0.0035081636363636,0.1085536545454545,0.0040494909090909,0.0623982727272727,0.0328328909090909
1701273879.638,6.91398719330515,3.2989576793294604,18.73706201050749,13.04604166323737,275.2308368932039,0.23378569033488,0.54853773852733,0.26573883906996,0.20204388989219,7.84658684374168,0.22269968572311,4.34886211595321,2.36272247201389,46485494.20636381,4965848.263851093,2020231.8871978195,51213960.88815731,134844537.48997954,14024713.65930948,2489364.7177201994,420311.2280513344,79600734.05206226,12998332.344319092,33954825.80340436,2648224.6340881125,2130776.517530572,0.0,1114.6184826385108,73.94970120421023,13130123.705068797,58971746.824619226,0.0,0,0.0,0.0,10982388.629297327,0.0,0.0,659715.225181956,0,7356.481985414171,0,0,41838131.92754134,0,0.0,0,0,0,0,0,75.66409280673884,0.581983437267058,0.3349140046906529,1.225930312892024,0.68012608403178,25.034877552133526,0.0250075450429975,0.0526596731087394,0.025067087249786,0.0199137319782555,0.6179589295129355,0.0226202207152335,0.3368110830318345,0.180241441375925,0.1163966874534116,0.0669828009381306,0.2451860625784048,0.136025216806356,5.006975510426705,0.0050015090085995,0.0105319346217479,0.0050134174499572,0.0039827463956511,0.1235917859025871,0.0045240441430467,0.0673622166063669,0.036048288275185
1701273884.638,7.6272539758815805,3.29459698587062,18.85028456438709,13.04186191400282,275.1456267436713,0.23363145409785,0.57123846387154,0.2473870061054899,0.2024464060046,7.882366854913419,0.21895085451885,4.4026938709444,2.3989727151714,38488180.37639321,5003410.480908077,2012580.240686028,51430548.57779455,141453783.45265335,20819360.452183425,1855732.80999108,645705.2125923617,106252445.15869828,15203988.313261598,41527070.787120186,2238377.2561218217,2103121.2253829325,4640.087703270601,1422.5081796413754,73.79116523744325,17580718.23621368,61076849.952026,0.0,0,0.0,0.0,11014512.648756502,0.0,0.0,651222.1735959155,0,7337.147452887094,0,0,45107770.61037716,0,73.07760927743087,0,0,0,0,0,74.69000729394604,0.6518695454545455,0.3397884545454545,1.2226154545454546,0.828661,24.920128181818185,0.022488636363636,0.0477011818181815,0.0274161818181815,0.0199279999999999,0.5273432727272724,0.022634636363636,0.298413909090909,0.190291818181818,0.1303739090909091,0.0679576909090909,0.2445230909090909,0.1657322,4.984025636363636,0.0044977272727272,0.0095402363636363,0.0054832363636363,0.0039856,0.1054686545454545,0.0045269272727272,0.0596827818181818,0.0380583636363636
1701273889.638,7.588694634102009,3.27752225523118,19.06811208342292,13.09669904143586,275.023493240204,0.23086458348245,0.54897503951433,0.24456646802824,0.2003415134641699,7.69569505168798,0.22317167022137,4.3224895018284,2.36548697415378,38248696.4227347,5048463.224711223,2001911.5602379416,42902071.50564708,133159131.84984732,20446920.421173267,1865770.816869028,635957.3107969012,106219393.81104515,15422403.816959444,34363909.685960144,2272185.229423547,2075167.874265528,4611.439985473034,1284.86548326383,73.38923528990182,21994821.66750594,48428603.75564536,0.0,0,73.96572584285894,0.0,11171763.753343452,0.0,0.0,643686.6731552576,0,7255.710964313394,0,0,37862030.68146496,0,73.56850348444573,0,0,0,0,0,73.82574528675967,0.5570694545454545,0.2898213636363634,1.2313693636363634,0.8260034545454544,24.439934636363635,0.0223674545454545,0.047682636363636,0.0248681818181814,0.019806818181818,0.522455718704545,0.027287727272727,0.3505406363636359,0.215106818181818,0.1114138909090909,0.0579642727272727,0.2462738727272727,0.1652006909090909,4.887986927272727,0.0044734909090909,0.0095365272727272,0.0049736363636363,0.0039613636363636,0.104491143740909,0.0054575454545454,0.0701081272727272,0.0430213636363636
1701273894.638,7.6054325772246205,3.29063817950327,18.89267647842444,13.04638258856132,275.014475153307,0.26908272285017,0.55916861746151,0.24211810360183,0.2020491472840699,7.71928273503055,0.26170897714513,4.413693389799301,2.32881907942764,31082238.22959889,2532016.385577739,2009841.2572683576,43491053.03651844,132917711.782742,20422199.456288457,1908141.9138879185,835645.8726709181,77358400.22691818,13037496.998093745,33845371.5817306,2655499.171423311,2101300.62782888,4683.301060396496,2418.5703214377977,73.73670093070982,17838797.279804554,60406655.570156224,73.25797682071828,0,184012.82553706932,0.0,9183326.71785644,370.89354920496936,0.0,651792.6704628413,0,7255.710964313394,0,0,37792238.28296102,0,75.33427746408933,0,0,0,0,0,74.7554387501825,0.5751045454545449,0.247685818181818,1.2000369999999996,0.8177281818181815,23.257003727272725,0.027244545454545,0.0475296363636359,0.0273120909090904,0.017324818181818,0.5179440823409089,0.027235727272727,0.3132744545454545,0.1877864545454545,0.115020909090909,0.0495371636363636,0.2400073999999999,0.1635456363636363,4.651400745454545,0.005448909090909,0.0095059272727272,0.0054624181818181,0.0034649636363636,0.1035888164681818,0.0054471454545454,0.0626548909090909,0.0375572909090909
1701273899.638,7.77435287343653,3.31191170301406,18.79106883899728,13.123717966303062,274.8881795026968,0.2680986223866299,0.55147853783044,0.24932286609656,0.20358759145611,7.93060490493399,0.26792009261086,4.509201605124749,2.38039540736194,38693572.24456811,2482469.207361252,2004644.155281633,34358210.02988084,127193399.90858395,27344971.334147565,1264271.28532361,1037543.1029903864,107225581.8359411,15505175.295549056,26836125.70669634,2624394.8388505704,2078502.0489953605,4664.205557698311,1483.8429213157517,73.92300889747153,22014765.0214206,48419670.09781515,73.56850348444571,0,182895.3453373701,0.0,11231476.419634264,367.5718362438753,0.0,644720.8853104183,0,7345.02246051297,0,0,42029400.85931072,0,74.6763901549681,0,0,0,0,0,73.94436120087376,0.5300639999999994,0.253872,1.2089742727272723,0.6716652727272725,23.235905727272726,0.027143909090909,0.0546740909090905,0.0272114545454544,0.0209331530363635,0.432142809613636,0.024588727272727,0.3584539090909089,0.1652147272727269,0.1060127999999999,0.0507744,0.2417948545454545,0.1343330545454545,4.647181145454545,0.0054287818181818,0.0109348181818181,0.0054422909090909,0.0041866306072727,0.0864285619227272,0.0049177454545454,0.0716907818181818,0.0330429454545454
1701273904.638,7.49179109879359,3.29326589938128,19.02950191708516,13.23887695404412,274.70524047240343,0.28567044572411,0.5594740015502699,0.22394760828693,0.2019430516165599,7.6382651806815804,0.26416881136141,4.40345544403669,2.40212642843952,45793422.45408107,9126.694166175605,1708831.2012023015,43850014.11764706,117571352.1636593,27484823.280919973,1914802.8938432008,847323.1614722683,79842508.9199129,17597008.353028197,34427253.845162004,2645565.0642201835,2126213.554939981,4600.079701481723,1508.544490276959,75.07056192954802,22481618.82352941,48417701.82270242,73.94436120087376,0,186747.2702292284,0.0,13009967.201284526,377.24032492770175,0.0,659520.2954755309,0,7391.8680023571005,0,0,44608277.299402185,0,75.59427137162261,0,0,0,0,0,75.64173591874423,0.5264842727272725,0.281006909090909,1.4248724545454543,0.8204089999999999,22.956413909090905,0.026991818181818,0.051894636363636,0.0270951818181815,0.0197578181818179,0.4909922641590905,0.0276227518272724,0.403126636363636,0.1875152727272725,0.1052968545454545,0.0562013818181818,0.2849744909090909,0.1640818,4.591282781818181,0.0053983636363636,0.0103789272727272,0.0054190363636363,0.0039515636363636,0.0981984528318181,0.0055245503654545,0.0806253272727272,0.0375030545454545
1701273909.638,7.40224490753365,3.27638577652127,19.01406872640461,13.34221758933667,272.5698746658262,0.28644856584929,0.53254120428464,0.2262453125,0.19928466195762,7.88977400669561,0.3491899237492299,4.4547931703656,2.36558673792557,45971237.35748186,9104.164443970269,1729710.2672292546,43921695.23353646,126556140.82574762,35058554.61194112,1258737.6652663357,1052943.6133486766,104839399.16390371,17938195.57059819,26890653.23885912,2576230.4420857006,2069522.2054271933,4617.896823232048,1456.666311035243,75.8013176400918,22515670.600364525,49090794.26759859,75.45640439916733,0,185739.93095512083,0.0,13261293.50305349,957.5945041901952,0.0,642644.2093140432,0,7428.9981862797395,0,0,40270410.35243517,0,74.49033407896412,0,0,0,0,0,73.70618296984094,0.5170228181818181,0.2432290909090905,1.416541636363636,0.678542818181818,20.281187,0.0244851818181815,0.0447073636363635,0.024588545454545,0.019871636363636,0.4404656277954539,0.024939,0.3924137272727269,0.1848381818181815,0.1034045636363636,0.0486458181818181,0.2833083272727272,0.1357085636363636,4.0562374,0.0048970363636363,0.0089414727272727,0.004917709090909,0.0039743272727272,0.0880931255590908,0.0049878,0.0784827454545454,0.0369676363636363
1701273914.638,7.32217860221059,3.2745583758708903,18.754661890747908,13.278772644337538,272.6775431448252,0.28958113235317,0.5407724100226,0.23886342876239,0.1963610625482,8.14978394585507,0.34888491027289,4.47053779885538,2.37245137947635,37991934.36592799,11371.05296151022,1694668.1926353844,44146527.31310141,116804229.5450426,35017193.66294368,1282742.2810333965,1087232.4087482826,106845620.00954936,15102328.51455366,20311258.71466599,2204605.965519086,1417968.6701477612,4579.094466182225,1467.232640194867,74.40914127927044,18105168.91191709,59956991.11836144,75.36754558669291,0,191788.4965281645,0.0,10938128.28452623,964.2359161943392,0.0,661278.820871755,0,7336.163200974334,0,0,44500883.23364148,0,75.91089365803032,0,0,0,0,0,75.84342480465133,0.535350636363636,0.2086092727272724,1.613084,0.827610090909091,21.170979818181817,0.0244620909090904,0.0418560909090905,0.027049,0.0198962727272725,0.5540212641590905,0.027351727272727,0.367098818181818,0.1557362727272725,0.1070701272727272,0.0417218545454545,0.3226168,0.1655220181818182,4.234195963636363,0.0048924181818181,0.0083712181818181,0.0054098,0.0039792545454545,0.1108042528318181,0.0054703454545454,0.0734197636363636,0.0311472545454545
1701273919.638,7.44750843123823,3.28896251991577,18.7713177322268,13.204057508631658,272.5334508887341,0.28457499232061,0.53634234417597,0.22493343395141,0.1935816859730799,8.006174072566461,0.34629769825117,4.48660146231719,2.37346422104899,37971180.62563068,2523610.072337698,1663142.8978486964,43352620.752316914,117847741.40584916,34386994.272085,647586.2120476529,841337.3580566335,104979455.66742449,15791884.840971747,20203726.743871912,2280221.726382563,1391639.7612438542,4576.041516505694,1500.228916765864,0.0,17779751.26294748,48507787.436780766,74.01116672388558,0,185606.4395572804,0.0,11437606.52765186,959.0259892296888,0.0,647925.8331972641,0,7501.14458382932,0,0,44701957.04757018,0,76.4835493147104,0,0,0,0,0,0.0,0.5433060909090905,0.1712782727272724,1.4055507272727268,0.9796475454545456,19.184325090909088,0.0245958181818179,0.0397682727272725,0.02536790465,0.02003,0.552603991431818,0.0274523636363635,0.4112945454545449,0.1277132727272725,0.1086612181818181,0.0342556545454545,0.2811101454545454,0.1959295090909091,3.836865018181818,0.0049191636363636,0.0079536545454545,0.00507358093,0.004006,0.1105207982863636,0.0054904727272727,0.082258909090909,0.0255426545454545
1701273924.638,7.51082854128092,3.3337308725079904,18.84825108358567,13.165151211842598,271.7210858741896,0.2927143508518899,0.54785938432455,0.22799483213407,0.19387396358212,8.04239392230693,0.34781483631341,4.49982736435534,2.38695669325677,39003898.40799704,2544788.152628958,1370065.5988908752,43870961.971312985,125131322.85218662,28104906.90590906,642825.3609355598,840235.2814513089,105836890.69179416,13441154.339241438,20938237.037590057,1901020.1213904729,1393814.4749513927,4701.073676416143,2643.89650148461,0.0,17991969.988966532,60391038.07176116,75.61241254545789,0,185436.81027831108,0.0,11353996.1428965,993.840755533988,0.0,0.0,0,7478.450104199325,0,0,40153439.89774491,0,75.91230053561169,0,0,0,0,0,0.0,0.607463727272727,0.204518818181818,1.429869818181818,0.8301695454545455,19.09800518181818,0.0269814545454545,0.0420013636363635,0.029583909090909,0.022415636363636,0.6237246277954546,0.029851909090909,0.4511894545454545,0.1291974545454545,0.1214927454545454,0.0409037636363636,0.2859739636363636,0.1660339090909091,3.819601036363636,0.0053962909090909,0.0084002727272727,0.0059167818181818,0.0044831272727272,0.1247449255590909,0.0059703818181818,0.0902378909090909,0.0258394909090909
1701273929.638,7.54241717480746,3.28047978999784,18.667446849049128,13.152554572974129,271.26745016807024,0.29240851558528,0.53112101778763,0.23132549983382,0.1921059100285899,7.961712562591219,0.35156158714435,4.32106021564629,2.34733167929247,29645262.7211028,4966588.439056072,1674799.7267857783,51272561.152110055,110984322.98406042,27655068.226404127,1259075.6247499185,819071.0350014869,105283476.67474936,13521242.549102936,20579182.213416982,2269310.850278283,1390151.7271376273,4465.168618349334,2512.5207476365736,0.0,17525022.282725517,59755379.911085404,74.40238320133692,0,180765.9395826409,0.0,11421589.401526207,976.7945260763488,0.0,0.0,0,7315.869235765317,0,0,39050349.369284704,0,74.49710814448366,0,0,0,0,0,0.0,0.6274903636363636,0.170091,1.631954454545454,0.8208092727272726,19.021766,0.027011727272727,0.037133545454545,0.027745269140909,0.0224394545454545,0.6315566277954544,0.0274060909090905,0.411962818181818,0.127013636363636,0.1254980727272727,0.0340182,0.3263908909090908,0.1641618545454545,3.8043532,0.0054023454545454,0.007426709090909,0.0055490538281818,0.0044878909090909,0.1263113255590909,0.0054812181818181,0.0823925636363636,0.0254027272727272
1701273934.638,7.50485639954291,3.41625625691936,18.72417670594189,13.13470001272982,271.6536698974133,0.29381990330666,0.55688257556186,0.26267744178849,0.19443863832284,8.06225269270222,0.35141304674233,4.44748211604344,2.3959830036656498,22589728.16227412,4998771.810740667,1682412.6066213676,52051877.72099874,109593279.75202036,27464990.456948027,1277307.4510093369,852398.11392889,133392823.75598392,13400534.583821803,26734224.827956025,1878714.1919965008,1392042.3910282005,4534.53324762517,2527.523185538758,0.0,22240142.57396933,48804129.45127127,73.89100355383977,0,188137.5593948552,0.0,11318996.48300117,951.7919385110376,0.0,0.0,0,7656.908473838002,0,0,36277237.68404738,0,75.58032254493118,0,0,0,0,0,74.32947410445324,0.614618251904649,0.1394162408858665,1.412575504118406,0.8260407840427659,18.488872574867724,0.0269713802571044,0.034540520392021,0.032219961707002,0.0223988581195335,0.6395890294925175,0.0273657654053854,0.4231207156754005,0.106550811862465,0.1229236503809298,0.0278832481771733,0.2825151008236812,0.1652081568085532,3.6977745149735446,0.0053942760514209,0.0069081040784042,0.0064439923414004,0.0044797716239067,0.1279178058985035,0.0054731530810771,0.0846241431350801,0.021310162372493
1701273939.638,6.73915992521721,3.34869923985271,18.7204001435372,13.22751842895874,272.26218629567643,0.29471447796757,0.53813804121797,0.2458040808632099,0.1911518306203,8.098095158830999,0.34708954033771,4.38343922474977,2.33348797914471,30908591.077385534,7453471.6163512925,1368682.2922344564,43707399.42844581,110475194.61686549,20765968.392529145,1285152.320831786,629927.5750013465,104882941.10648423,11072285.786894172,20238815.413479578,2247843.0573248407,1393559.7136940015,0.0,2218.691318792431,0.0,17923113.944456656,59481280.58149368,74.49033407896412,0,185536.68827088457,0.0,9352917.480486477,960.6003752345216,0.0,0.0,0,7469.594106601185,0,0,38876810.996563576,0,0.0,0,0,0,0,0,74.4104930421829,0.600643055833318,0.173480173808701,1.6447106521462465,0.8249280039270585,20.270582513681077,0.0292662218424444,0.0414301947166515,0.0293404905186985,0.0246941984982635,0.638618430426522,0.029660563969238,0.4464233769067139,0.121789811464829,0.1201286111666636,0.0346960347617402,0.3289421304292493,0.1649856007854117,4.054116502736215,0.0058532443684889,0.0082860389433303,0.0058680981037397,0.0049388396996527,0.1277236860853044,0.0059321127938476,0.0892846753813428,0.0243579622929658
1701273944.638,6.769726653321249,3.37710231205624,18.65876880756,13.27426889558932,272.94233230549145,0.29902343117226,0.56364782545454,0.27914352494096,0.1915239335892199,8.09377421050724,0.3480312401997,4.41373724075906,2.37143104663521,30690481.96542311,7365697.3632568605,1721828.901135481,52633121.8032395,111183309.05864672,21212379.71391418,1258514.6181818182,647253.8370720189,105340662.8041715,13266296.653493349,26957649.44217148,2221985.14254879,1430457.1034328442,0.0,3288.257751453956,0.0,17988255.998235002,71821541.87111843,76.09139884822591,0,190564.3447461629,0.0,11206267.502991188,959.7173909125316,0.0,0.0,0,7526.456631105721,0,0,39124590.9214362,0,0.0,0,0,0,0,0,76.37658729418784,0.613326909090909,0.2143050909090905,1.6405397272727271,0.6800012727272725,19.973906,0.0269233636363635,0.041344097274242,0.032131508331818,0.022268727272727,0.620904545454545,0.0225434545454545,0.3972434545454545,0.0984650909090904,0.1226653818181818,0.0428610181818181,0.3281079454545454,0.1360002545454545,3.9947812,0.0053846727272727,0.0082688194548484,0.0064263016663636,0.0044537454545454,0.124180909090909,0.0045086909090909,0.0794486909090909,0.0196930181818181
1701273949.638,6.79762062041814,3.37986716016153,18.57104538893636,13.19435785793022,272.8953175903928,0.25794732084026,0.54441272133707,0.24513953389595,0.18939822234502,7.995449452090179,0.30873065942903,4.38777296939108,2.38916700386045,38058882.38055686,7408155.334230598,2022795.10625534,51731179.52980719,113948414.87861012,20896241.270770807,1228175.0115325928,431981.9763254603,107178251.67173252,13497546.397077814,27336312.022517085,2240151.0475291386,1371067.772376323,0.0,2205.114401076716,0.0,17679807.152279586,73609094.66181602,0.0,0,75.6403390519104,0.0,11402243.58927056,598.8960777863069,0.0,0.0,0,7644.396590399283,0,0,40107135.49632489,0,0.0,0,0,0,0,0,73.20560480411783,0.5346761818181816,0.2224033636363634,1.8553705454545448,0.8199134545454545,17.97377809090909,0.0196690909090905,0.0394153636363635,0.029400818181818,0.0232277309499999,0.6235691818181814,0.0201523636363635,0.405663909090909,0.0989668181818179,0.1069352363636363,0.0444806727272727,0.371074109090909,0.1639826909090909,3.594755618181818,0.0039338181818181,0.0078830727272727,0.0058801636363636,0.00464554619,0.1247138363636363,0.0040304727272727,0.0811327818181818,0.0197933636363636
1701273954.638,6.8155954126249405,3.3865692793885898,18.52514299570114,13.08989193656548,273.7259150365096,0.2600384659767,0.5585485507642399,0.2697102975696,0.18888084866144,8.09541464042338,0.30763956556455,4.431943957026109,2.42392744240948,30982546.7372134,7478536.24789467,1976257.7894624649,51884349.361123696,117995979.84665936,13725462.478814324,1261013.7180958628,422454.08255389833,79468815.15206702,11056958.097723646,27139549.23238849,1877881.219903692,1417081.9823309171,0.0,2225.4015973341543,0.0,13299472.587222474,84441604.67323841,0.0,0,73.95904806615867,0.0,9339750.036247645,594.6357928356259,0.0,0.0,0,7714.725537425068,0,0,35281604.089083605,0,0.0,0,0,0,0,0,75.54547298917353,0.608811636363636,0.2219413636363635,1.635269727272727,0.826009909090909,20.13498336363636,0.019610909090909,0.0343320909090905,0.034309818181818,0.0222403636363635,0.6345631818181816,0.022553545454545,0.407497636363636,0.1302493636363635,0.1217623272727272,0.0443882727272727,0.3270539454545454,0.1652019818181818,4.026996672727273,0.0039221818181818,0.0068664181818181,0.0068619636363636,0.0044480727272727,0.1269126363636363,0.004510709090909,0.0814995272727272,0.0260498727272727
1701273959.638,6.6712471190757405,3.3865708001510098,18.59442814373432,13.023366923624922,273.649935623928,0.24821144179157,0.5650005736861999,0.2459574260275199,0.26167012747055,8.15416386979042,0.31116022586249,4.40457018477296,2.39659966541346,30684491.14891295,7423194.635698493,2016077.898484904,43587012.76875582,123061937.10691826,21133555.72829909,1248729.122693078,420761.8670743772,81442830.25699408,11243746.88024184,19887232.42208276,1863314.1864379167,2069846.413987876,0.0,2208.999226994086,0.0,13404199.842902288,70843791.8810749,0.0,0,73.67569025991546,76.44500849181613,9497259.774013383,580.9311066198632,0.0,0.0,0,7510.597371779892,0,0,30212537.44997141,0,0.0,0,0,0,0,0,73.68099152740551,0.5313672727272725,0.226277727272727,1.420129818181818,0.6683052727272725,18.073766454545456,0.01978,0.029755909090909,0.034478909090909,0.0306388774272724,0.639080727272727,0.0203791818181815,0.3971094545454545,0.134083818181818,0.1062734545454545,0.0452555454545454,0.2840259636363636,0.1336610545454545,3.614753290909091,0.003956,0.0059511818181818,0.0068957818181818,0.0061277754854545,0.1278161454545454,0.0040758363636363,0.0794218909090909,0.0268167636363636
1701273964.638,6.81949014670822,3.45425522146063,18.54206301521188,12.76359559510967,275.0620229889704,0.2465918815801299,0.5889037384704701,0.2951990345565899,0.26065125311446,7.92180718120681,0.22276602649992,4.53542698692977,2.44335175582964,30928893.74656153,10143931.60881421,2002530.0977906552,51469605.46565984,121233995.29411764,13699872.365697833,1259157.818287457,216096.2859041571,79946364.94210757,11177329.741813716,20874842.935834453,1872182.3278843705,2130219.9456330785,0.0,2339.450217407326,0.0,8795500.89895721,72901647.05882353,0.0,0,75.61101676142655,75.04030485123846,9441147.527165448,0.0,0.0,0.0,0,7546.613604539761,0,0,37856225.88235294,0,0.0,0,0,0,0,0,75.74384673706011,0.4694208181818179,0.2270160909090904,1.4192882727272724,0.7931942727272725,18.059947818181826,0.0185792347954545,0.032124727272727,0.0348124804454545,0.032658818181818,0.613204727272727,0.0199410909090905,0.3895703636363635,0.1327451818181815,0.0938841636363636,0.0454032181818181,0.2838576545454545,0.1586388545454545,3.611989563636364,0.0037158469590909,0.0064249454545454,0.0069624960890909,0.0065317636363636,0.1226409454545454,0.0039882181818181,0.0779140727272727,0.0265490363636363
1701273969.638,6.79456801145944,3.44539033663796,18.55827521624598,12.722999942129633,274.8918292459176,0.24253048554085,0.58254138312685,0.25426276323665,0.25993324631393,7.799328398830429,0.23758116148356,4.49138453155408,2.43251682813513,38220594.36818916,9997247.630460834,1732307.9567321164,51771481.481481485,135106623.51930046,13588600.642627634,1854599.3073654897,424377.42830712296,80225544.87627313,11216602.879788153,20737334.76315497,2284209.878602539,2765013.901894403,0.0,2305.552529324182,0.0,8847037.037037037,74109498.44923583,0.0,0,74.29576826105094,75.30242306136707,9474151.418746209,75.73124283548422,0.0,0.0,0,7660.384210335185,0,0,37805998.87896565,0,0.0,0,0,0,0,0,73.75927393214722,0.5277079999999995,0.2254521818181815,1.220315818181818,0.6610635454545449,18.067516181818185,0.0198701818181815,0.0350492727272725,0.0347433636363635,0.032718545454545,0.588679727272727,0.017565,0.4280592727272725,0.1597911818181815,0.1055415999999999,0.0450904363636363,0.2440631636363636,0.132212709090909,3.613503236363637,0.0039740363636363,0.0070098545454545,0.0069486727272727,0.006543709090909,0.1177359454545454,0.003513,0.0856118545454545,0.0319582363636363
1701273974.638,6.690004485392,3.45088440215214,18.67237935553052,12.89222746006474,275.5055477147779,0.24494270418366,0.59065943354581,0.29120574505302,0.26270823449069,7.8541349004315,0.23665847845336,4.470111372100201,2.42297207808564,38416265.07736891,10018276.656850984,2009140.780051616,51207143.80265816,135034464.154816,13721603.691619951,1834531.8100753976,426377.4643781204,52283403.92495148,11013476.899745438,27584377.80401417,1869827.311206787,3448142.209427852,0.0,2308.067037481369,0.0,8750682.00275477,84765161.70649464,0.0,0,74.63284865711891,147.22162317590397,9302798.461788442,75.5608028335301,0.0,0.0,0,7594.28509106773,0,0,39598519.865122415,0,72.32532269171683,0,0,0,0,0,73.69557394746312,0.5123171818181815,0.259143909090909,1.220598909090909,0.5145536363636359,19.22774845454545,0.019766,0.0372989999999995,0.0348328573681815,0.0326631818181815,0.590393727272727,0.017542727272727,0.4128904545454545,0.161303727272727,0.1024634363636363,0.0518287818181818,0.2441197818181818,0.1029107272727272,3.8455496909090905,0.0039532,0.0074597999999999,0.0069665714736363,0.0065326363636363,0.1180787454545454,0.0035085454545454,0.0825780909090909,0.0322607454545454
1701273979.638,6.66040697577352,3.4003286414756904,18.60838645940118,12.935300620868482,275.7207633081162,0.23916286018059,0.58054051936825,0.25459952934974,0.26178718716731,8.026810139244391,0.23677339312949,4.47044601992734,2.42700507653801,38252276.78069141,10042707.205482949,1954320.0537311323,52278489.17132317,116804831.49371932,13717721.226100592,1871005.0604188803,440537.0684137204,52493779.03682719,13284207.75919975,20362421.09085628,1848806.014172152,2784947.185142194,0.0,1194.5826725725017,0.0,8933007.852160256,70262913.02730188,0.0,0,0.0,147.81400552137276,11220629.232249511,74.36996150773477,0.0,0.0,0,7615.464537649696,0,0,36473144.51747781,0,73.76325883772444,0,0,0,0,0,74.2890307603018,0.4606409999999999,0.2345412727272725,1.424148909090909,0.674123727272727,19.30930309090909,0.0172832727272725,0.0397121818181815,0.0272100909090905,0.030202545454545,0.543789727272727,0.0150681818181815,0.388304,0.1638570909090905,0.0921282,0.0469082545454545,0.2848297818181818,0.1348247454545454,3.861860618181818,0.0034566545454545,0.0079424363636363,0.0054420181818181,0.006040509090909,0.1087579454545454,0.0030136363636363,0.0776608,0.0327714181818181
1701273984.638,6.7036836470027,3.51749942282047,18.43097649773755,12.787851223005733,275.6885337941517,0.2988548848992099,0.5997664353026401,0.27036728515979,0.26064398379621,7.989534237059449,0.23385440905976,4.5493163498655305,2.46176161303327,46391730.57451023,7558473.762077847,1670723.185520362,52572478.91876009,129682232.7735958,13974327.27539744,1882912.9394708227,636531.5050603983,53086632.45866939,13342562.984301789,26964730.118656907,1508883.042754432,3514567.365488931,75.13390564238021,1720.725492703063,0.0,8983279.565153517,71779983.78691371,75.19183463670743,0,0.0,149.4835954892157,11268611.519317375,73.86302160349119,0.0,0.0,0,7780.671793092111,0,0,35533600.46323103,0,74.22979340340703,0,0,0,0,0,75.0623075795338,0.4486964545454545,0.2804700909090905,1.4201295454545453,0.8246813636363636,19.659466818181816,0.027507909090909,0.042075480574242,0.030276185254545,0.027732909090909,0.615757,0.014194956563636,0.3804135454545455,0.167125818181818,0.0897392909090909,0.0560940181818181,0.2840259090909091,0.1649362727272727,3.9318933636363633,0.0055015818181818,0.0084150961148484,0.006055237050909,0.0055465818181818,0.1231514,0.0028389913127272,0.0760827090909091,0.0334251636363636
1701273989.638,6.702072473610279,3.43368137139927,18.31948472719304,12.75025528217036,275.5859603836228,0.31728676691185,0.57757775887038,0.24653295644968,0.47140555402501,7.8731125015888,0.23360152493653,4.47652124806976,2.40726442628569,46677226.249354094,10106924.283515356,1684577.60572639,52764328.06222124,132223586.5677836,13757884.44091016,1880867.776973208,646248.5590645429,26724468.492295258,13287735.478365082,20932520.23294012,1867365.2466164047,3459401.0498403595,75.58869122314903,1726.306530821667,0.0,9016137.122636294,83499449.64723289,74.02721801521751,0,0.0,6319.246239462229,11222294.772393009,76.4521427504853,0.0,0.0,0,7505.680568789856,0,0,38252319.24069362,0,74.14916727009414,0,0,0,0,0,0.0,0.445036909090909,0.3197813636363634,1.619543636363636,0.8288847272727271,18.759905909090907,0.030126727272727,0.0427670909090905,0.0275113636363635,0.0564657565999995,0.6030212727272725,0.0152182727272725,0.365696,0.1884174545454545,0.0890073818181818,0.0639562727272727,0.3239087272727272,0.1657769454545454,3.7519811818181816,0.0060253454545454,0.0085534181818181,0.0055022727272727,0.0112931513199999,0.1206042545454545,0.0030436545454545,0.0731392,0.0376834909090909
1701273994.638,6.81999673667321,3.5391259957957404,18.23615279062882,12.73528918384022,275.2933181719798,0.32939623780683,0.5826626155926,0.29020532614222,0.6796403435282,7.830716703020441,0.23814274250082,4.62284225507266,2.4778643624735,46114648.58163787,7507180.747345149,2038600.9844923944,51974837.51248297,139555959.64635533,13802110.454364143,1872900.153222172,637294.3996513402,53222750.27438355,13522902.584199049,20689311.14636756,1465788.9911517005,3563381.400364407,74.6736673229782,3117.53832771556,0.0,8882017.031320924,84858228.98859093,74.26478587228488,0,0.0,26484864.27160313,11420236.755517764,75.56359074641183,72.77637610603746,0.0,0,7793.845819288899,0,0,31936598.70134634,0,73.83506083821541,0,0,0,0,0,0.0,0.3912358855937595,0.2820000181828095,1.389354601160063,0.8271365710856955,19.16348382639053,0.032754513882575,0.038138171172973,0.032839710802407,0.0823813044514545,0.6060072367583684,0.012841973198538,0.3458027710602395,0.1747791697728965,0.0782471771187519,0.0564000036365619,0.2778709202320126,0.1654273142171391,3.832696765278106,0.006550902776515,0.0076276342345946,0.0065679421604814,0.0164762608902909,0.1212014473516737,0.0025683946397076,0.0691605542120479,0.0349558339545793
1701273999.638,6.71088153020472,3.50511926608836,17.97094468893375,12.57011892173788,275.0123606753794,0.32711644613493,0.56065319434352,0.26167119112579,0.6780901854307,7.773147808611371,0.2407194923930699,4.4887587462962895,2.45414026110685,53322460.61547914,7516593.372291386,1697708.9374197102,42898543.51891814,150281470.6457024,13722914.335160082,1935856.613194716,629854.1068351524,52842796.46210566,11188636.787431631,13434185.47590394,1525229.0370370373,2736413.4905206086,222.04954914255768,2007.0414866973967,0.0,8796441.375341676,85245211.18504728,73.83905393712143,0,0.0,26295827.53673199,9448103.65965569,73.57246780306433,75.85185185185186,0.0,0,7656.491597401183,0,0,41867747.47009272,0,76.31397536936635,0,0,0,0,0,0.0,0.4635950909090905,0.2888182727272725,1.380730636363636,0.8331778181818179,18.338518818181814,0.032787636363636,0.0405500909090905,0.0326572727272725,0.0826032702272725,0.617328909090909,0.0178791818181815,0.392799545454545,0.199566818181818,0.0927190181818181,0.0577636545454545,0.2761461272727272,0.1666355636363636,3.6677037636363634,0.0065575272727272,0.0081100181818181,0.0065314545454545,0.0165206540454545,0.1234657818181818,0.0035758363636363,0.078559909090909,0.0399133636363636
1701274004.638,6.64350288506702,3.47051852806468,18.10195502101481,12.75925444543827,273.91250061798365,0.3299655749217199,0.57955090922369,0.2633067638909599,0.67274046691905,7.75828210937928,0.23258276228517,4.44252158375597,2.46740734195297,45696217.364598766,7683579.2245359635,1346344.71562314,42677315.77817531,122592785.35255162,13706606.359609636,2527656.466807858,656927.3625879886,52453167.766360186,11142134.887715388,20553022.243394777,1116267.1846336464,2809905.2084096405,221.98937746143008,3265.923714513526,0.0,8751005.080500893,70237689.27293976,73.75130541251036,0,0.0,26101939.06616189,9407170.866299998,75.04855436256368,73.6664148771627,0.0,0,7595.171429101225,0,0,40219696.99330665,0,74.7827357043745,0,0,0,0,0,75.01281957365761,0.533052545454545,0.316060727272727,1.1860362727272724,0.6887175454545456,21.52223809090909,0.0352772727272725,0.0405474545454545,0.0329694346772725,0.084892159933333,0.621036818181818,0.020368818181818,0.3838760909090905,0.1987820909090905,0.106610509090909,0.0632121454545454,0.2372072545454545,0.1377435090909091,4.304447618181818,0.0070554545454545,0.0081094909090909,0.0065938869354545,0.0169784319866666,0.1242073636363636,0.0040737636363636,0.0767752181818181,0.0397564181818181
1701274009.638,6.6179609556228,3.4356121773380504,18.19137644297926,12.82876105263157,273.0708529321209,0.332795207426,0.5551929799734799,0.2188145037294599,0.6797361078247499,7.56568669371867,0.23546862493215,4.43817180312283,2.4417001460173697,53145090.98768101,7588912.118713931,1393788.9031681288,53049044.92216456,123938167.5497637,14048082.675131029,2477659.5851395405,429763.6717520304,52958213.64736717,11192459.321006922,20295691.116337977,1506100.41320803,2798300.357742572,221.309703911822,3226.673994687185,0.0,9065626.093402518,71008820.27781755,75.58869122314904,0,0.0,26353261.862725463,9452018.434533536,74.10891984801881,74.88938457600467,0.0,0,7428.854080791425,0,0,40658870.972361445,0,73.37083079568659,0,0,0,0,0,74.76089654668907,0.468057545454545,0.284808,1.4202670909090909,0.844907818181818,18.787875909090907,0.032876818181818,0.043272636363636,0.0303151818181815,0.0849578346393935,0.6922019090909091,0.017939,0.333085727272727,0.1722903636363635,0.093611509090909,0.0569616,0.2840534181818182,0.1689815636363636,3.7575751818181815,0.0065753636363636,0.0086545272727272,0.0060630363636363,0.0169915669278787,0.1384403818181818,0.0035878,0.0666171454545454,0.0344580727272727
1701274014.638,6.703656702588271,3.4608419525967404,17.86746104296692,12.767285958267948,272.2650545013596,0.3269336393960499,0.5460708574444,0.30758164858525,0.60293558502926,7.58386135116165,0.23572302449806,4.4796223156533,2.4798560453743903,46596536.64916644,7449669.975543087,1674884.0867275156,60220559.28871576,127030033.36517967,13651619.382375097,1888420.4243549148,428755.90089429705,52075703.3775439,10969277.736786222,20662128.274083626,1144927.0005544263,2095691.97767638,226.3608731693838,3167.314055531578,0.0,8822182.257570019,85004417.13823767,73.45504106739357,0,0.0,25915453.36411964,9263415.76835172,150.89335052495855,75.69765292921826,3648.566598193023,0,7660.480506401956,0,0,40678247.05346758,0,74.53506569130545,0,0,0,0,0,74.46054282026577,0.4698771818181815,0.2872942727272725,1.615649909090909,0.9923737272727272,20.238811818181816,0.0303033636363635,0.0429528181818179,0.0303154545454545,0.077745818181818,0.609838727272727,0.015254909090909,0.3535882727272725,0.1722261818181815,0.0939754363636363,0.0574588545454545,0.3231299818181818,0.1984747454545454,4.047762363636363,0.0060606727272727,0.0085905636363636,0.0060630909090909,0.0155491636363636,0.1219677454545454,0.0030509818181818,0.0707176545454545,0.0344452363636363
1701274019.638,6.7614646119710295,3.47849243281085,17.979642785978868,12.9519175525114,272.26956217540703,0.32832875746067,0.5323336504445,0.26047520120996,0.67754700233771,7.55189503118912,0.24539014886243,4.53076410007864,2.48043761317318,53231670.38279757,7642038.793818041,1697504.7351422368,52278725.55251141,118885474.14104883,13768086.52559233,1899829.2365502703,421186.1214641964,26167996.8351016,8718742.569125455,20143061.3586166,1506868.335863343,2078953.071456913,221.66901179781365,3168.935472580912,0.0,8934816.146118721,83648319.42133816,74.08211249773919,0,0.0,26042119.043337528,7362462.814348782,147.10265941209215,74.91266894672349,3619.810265844245,0,7695.986147696502,0,0,34961915.37070525,0,75.08019429933096,0,0,0,0,0,73.87367889478051,0.5454794545454545,0.286529909090909,1.441311727272727,0.876084636363636,20.874297181818186,0.032830727272727,0.045366909090909,0.027674909090909,0.0848528759909089,0.6956025454545455,0.017751727272727,0.378029909090909,0.1742211818181815,0.1090958909090909,0.0573059818181818,0.2882623454545454,0.1752169272727272,4.174859436363636,0.0065661454545454,0.0090733818181818,0.0055349818181818,0.0169705751981818,0.1391205090909091,0.0035503454545454,0.0756059818181818,0.0348442363636363
1701274024.638,6.70822843901915,3.47068318391693,18.35888601002205,13.128147276198,272.92897010015844,0.33494147942157,0.53377506953913,0.28487872925709,0.67791483266495,7.533407743434569,0.22507280800523,4.5544283703609,2.52849457199854,53523409.41739825,7453393.938305099,1651108.110029142,42959500.65731419,103750249.59527496,14112747.497219134,1256315.171348059,208959.4341139275,26169408.599636734,10976672.070319535,27160696.208048813,1503987.7325252378,1395195.3572723975,222.8832619894073,3090.709832737465,0.0,8809472.23973059,70550723.52386543,75.93622543566927,0,0.0,26043524.01676048,7417701.214020679,74.3861688217347,74.77317950309425,3639.898440333696,0,7579.597923141879,0,0,33154857.803632744,0,74.46595764021453,0,0,0,0,0,74.28364163946318,0.4610769999999995,0.3233023636363635,1.6727069090909086,1.017039,20.984217454545465,0.0328308181818179,0.045243,0.030170727272727,0.0870886624060605,0.6010312727272725,0.017751818181818,0.375538,0.148458545454545,0.0922153999999999,0.0646604727272727,0.3345413818181817,0.2034078,4.196843490909092,0.0065661636363636,0.0090486,0.0060341454545454,0.0174177324812121,0.1202062545454545,0.0035503636363636,0.0751076,0.029691709090909
1701274029.638,6.71963798473335,3.46444941467562,18.17690013150925,12.86877164695277,272.4041833687037,0.33179056986194,0.52711686463407,0.25781167694159,0.69079387637739,7.558834866243661,0.22941418000711,4.48859279947151,2.52449798041164,45539443.9203543,5116861.331659219,1704790.0783575955,52655236.217140965,125590829.69654094,13775958.594980003,1260853.832539639,213294.4223543574,26995030.46043112,8916471.246502953,19955286.517253645,1511873.165002936,1422266.2100961006,221.2220501926331,3176.483621994904,0.0,8998752.48799691,71950696.63165912,74.12367216200076,0,0.0,26865249.582606763,5649272.943370696,72.85663464959089,75.16147974163242,3694.981405795501,0,7563.056242845009,0,0,31312843.08283905,0,0.0,0,0,0,0,0,75.4077837917449,0.4690002727272724,0.289995636363636,1.8719474545454544,1.1714360909090906,20.81733236363636,0.0330471818181815,0.048003818181818,0.030327818181818,0.0871453726499995,0.5251432727272725,0.0153644545454545,0.387489,0.1746531818181815,0.0938000545454545,0.0579991272727272,0.3743894909090909,0.2342872181818181,4.163466472727272,0.0066094363636363,0.0096007636363636,0.0060655636363636,0.0174290745299999,0.1050286545454545,0.0030728909090909,0.0774978,0.0349306363636363
1701274034.638,6.762589895794199,3.4911006844541097,18.005172622695152,12.84247642580037,272.590729395439,0.33387246042279,0.5332542230644199,0.30264809719492,0.6852585207231,7.40506667463061,0.22329626517945,4.54326283206406,2.50166701384501,45213479.32865033,7425239.80913916,2042927.4378497384,60530982.342917226,126419416.07172202,13836051.109616678,1247058.653672622,208934.786492764,26734165.784832448,8961863.118429758,26908549.86057389,1838359.898459008,2085966.317081536,219.6364416322592,3074.360669800025,0.0,8868082.810630506,84473913.99930614,74.44700921499846,0,0.0,26605639.035861254,3788867.7497610818,73.6889448592246,73.22392649004254,3622.8812794454775,0,7539.503547366728,0,0,31520958.82557014,0,0.0,0,0,0,0,0,73.93635264174443,0.4578113636363635,0.279373818181818,1.6470669090909085,1.003944727272727,21.782667363636364,0.0333576193181815,0.0455195454545449,0.0331398676,0.089509224540909,0.4985400909090904,0.0178633636363635,0.371749909090909,0.1715990909090904,0.0915622727272727,0.0558747636363636,0.3294133818181817,0.2007889454545454,4.356533472727273,0.0066715238636363,0.009103909090909,0.00662797352,0.0179018449081818,0.0997080181818181,0.0035726727272727,0.0743499818181818,0.0343198181818181
1701274039.638,6.5452989713635406,3.3891615798075003,18.13821022725195,12.93907209231376,273.1019919006058,0.2730726426013999,0.52128409566846,0.28237175651604,0.67790365471947,7.48780095225957,0.2235735466335799,4.48899862442759,2.46897853638447,46469109.09057512,7541563.827855456,2040548.914931349,51363221.0756779,132387240.49882336,20650746.9164828,634737.7934531026,0.0,26328347.81350075,8876779.723972177,27283554.550263584,1839404.693760733,1384695.6023492336,150.47482595837695,2603.2322498638096,0.0,8779022.522118336,97931567.36524172,0.0,0,0.0,26201772.06853504,3753311.824041368,74.71589354444464,73.26846021751574,3593.7544764360405,0,7363.42836390049,0,0,35994282.13537903,0,0.0,0,0,0,0,0,73.34192809053144,0.4645062727272725,0.2760791818181815,1.431510909090909,0.855034727272727,23.000061818181816,0.0253810909090905,0.0477944545454545,0.0302635454545449,0.0895853076999995,0.511987909090909,0.02029,0.417434818181818,0.1458291818181815,0.0929012545454545,0.0552158363636363,0.2863021818181818,0.1710069454545454,4.600012363636363,0.0050762181818181,0.0095588909090909,0.006052709090909,0.0179170615399999,0.1023975818181818,0.004058,0.0834869636363636,0.0291658363636363
1701274044.638,6.68549445002105,3.44701507865616,18.12884182229971,12.987757508411391,272.7845887902883,0.2523960679585499,0.53248307238239,0.29547710981008,0.50232217645283,7.73430898154252,0.23278390867904,4.51225687486561,2.51761049604997,53855376.85470772,5057300.789296196,1677112.217568709,43382364.79039738,113607003.0072136,20815254.206391163,624137.6381240328,208440.95387690992,51662282.70094636,8927167.948436242,26574041.68073199,1842730.3088941448,2126939.996325556,149.5081488511306,2613.244864106164,0.0,8896853.178139493,85325008.28367433,0.0,0,184094.8165072112,51414432.55624013,3774617.153739105,72.77249711290753,73.38923528990182,3762.630902076061,0,7391.749758471718,0,0,30167637.363245573,0,0.0,0,0,0,0,0,75.25261804152122,0.455120727272727,0.273984545454545,1.219311545454545,0.846706545454545,21.74407063636364,0.020408727272727,0.0428862727272725,0.0307517604636359,0.068077727272727,0.5153290909090905,0.02038,0.375570818181818,0.1435667272727269,0.0910241454545454,0.054796909090909,0.243862309090909,0.169341309090909,4.348814127272727,0.0040817454545454,0.0085772545454545,0.0061503520927272,0.0136155454545454,0.1030658181818181,0.004076,0.0751141636363636,0.0287133454545454
1701274049.638,6.59036641085656,3.3626942376645,18.13413691099477,12.94942197350969,271.96413165592344,0.2402049207887,0.53276973062637,0.25170985818181,0.30305041992729,7.628287571811899,0.22805268472191,4.3979953445169,2.48377078896202,45888219.452457406,5052625.448191762,1688610.9406029969,52003549.483093806,121042150.84051062,20864699.32574415,1248178.8612022644,212321.74545454545,26058079.68769586,8782643.686855044,27113984.4826336,1912821.1187278235,2065060.2736305087,148.62388650011792,1192.7998107129206,0.0,13331665.473573284,83517486.59335896,0.0,0,187522.32727272727,25933093.85240764,3714999.045509392,74.25132332680734,0.0,3653.1635183104113,0,7231.348852447081,0,0,28287679.25526125,0,0.0,0,0,0,0,0,73.06327036620823,0.4557569999999999,0.2717617272727269,1.2182094545454545,0.8592263636363635,19.526389909090906,0.017958818181818,0.0404264545454545,0.0252985454545449,0.038059545454545,0.5362154545454545,0.0548651628499999,0.361083818181818,0.1413593636363635,0.0911514,0.0543523454545454,0.2436418909090909,0.1718452727272727,3.905277981818181,0.0035917636363636,0.0080852909090909,0.005059709090909,0.007611909090909,0.1072430909090909,0.01097303257,0.0722167636363636,0.0282718727272727
1701274054.638,6.63939488311734,3.34842322173088,18.307851182733188,13.02245011368468,271.92920091428164,0.23616962852316,0.55869748160114,0.2740981761525,0.33177635927796,7.68044905012053,0.49998826181423,4.49689350512329,2.47631696904818,37993292.07144531,7513189.928706795,1689836.2704843576,52906597.26047655,127831235.23472066,20551139.26784493,1242548.9140190273,214128.7141416919,52845511.05945593,10962875.544201778,27079358.319753755,2206980.8479819745,2136941.5846883594,0.0,1330.7102247089613,0.0,9042894.652198829,84938702.8952248,0.0,0,189127.00944001463,26299018.63218684,5560320.368438096,148.325185587543,0.0,3779.922851183994,0,7392.834581716451,0,0,22402380.51001487,0,0.0,0,0,0,0,0,226.79537107103965,0.374530636363636,0.2640903636363635,1.2208190909090906,1.0015551818181816,19.891693,0.0204021818181815,0.0353694545454545,0.0253202727272725,0.042844562404545,0.6160500909090906,0.053380727272727,0.3610951818181815,0.141365636363636,0.0749061272727272,0.0528180727272727,0.2441638181818181,0.2003110363636363,3.9783386,0.0040804363636363,0.0070738909090909,0.0050640545454545,0.008568912480909,0.1232100181818181,0.0106761454545454,0.0722190363636363,0.0282731272727272
1701274059.638,6.629836006372821,3.3135352574965604,18.27005933980651,12.92450357240349,273.06437480819807,0.2357130737540499,0.53958455852534,0.27478741238887,0.33270841819539,7.728677951523211,0.5008029373743099,4.51388825680396,2.47421275410136,46318546.413463466,9893996.539360318,1675347.386658966,43404898.06911864,134963514.2481368,27753091.69127565,641618.5806451613,209607.75058998883,53012132.84025286,10962565.562413402,26852936.512496408,2614769.3203318296,2124394.097699569,0.0,146.13175404484562,0.0,8902160.184898723,96528423.20619611,0.0,0,183079.72390297567,26381902.24618804,5560810.321559031,147.08417121516806,0.0,3754.009714966548,0,7379.653579264704,0,0,29869509.864094697,0,0.0,0,0,0,0,0,150.1603885986619,0.3732848181818179,0.263508909090909,1.206637,1.0064810909090904,18.747666545454543,0.020360636363636,0.037836545454545,0.0228232727272724,0.043171545454545,0.606927727272727,0.052341985001515,0.3601701818181815,0.1408609999999995,0.0746569636363636,0.0527017818181818,0.2413274,0.2012962181818181,3.749533309090909,0.0040721272727272,0.007567309090909,0.0045646545454545,0.008634309090909,0.1213855454545454,0.010468397000303,0.0720340363636363,0.0281721999999999
1701274064.638,6.51631141259539,3.30538108969147,18.13665032650101,12.91548632514129,273.2084750669112,0.49277133057746,0.57460142266243,0.19200678322252,0.33061681003061,7.67029461674868,0.4967191829226,4.46609221385132,2.45448773820141,37778732.71443421,10042669.852475338,1685281.4801378562,34454727.45986746,112870892.75893676,34346745.99707565,1286472.056832304,447379.8533222316,79545571.07450067,11019043.42790967,34049776.514944546,2609364.291549424,2809192.654205268,0.0,889.7094759706761,0.0,8833555.535491794,84770530.66911091,6744717.583984692,0,196469.639211768,26391998.83364922,5587307.469600463,149.208604265705,0.0,3727.499408477877,0,7414.245633088967,0,0,29975736.90192484,0,0.0,0,0,0,0,0,149.09997633911507,0.4289279999999995,0.257754636363636,1.184108909090909,0.993896727272727,20.72528072727273,0.0540753268348479,0.0327030909090905,0.0227432727272725,0.040434639621212,0.522136545454545,0.0523417537393934,0.3541879999999995,0.162620727272727,0.0857855999999999,0.0515509272727272,0.2368217818181818,0.1987793454545454,4.145056145454546,0.0108150653669696,0.0065406181818181,0.0045486545454545,0.0080869279242424,0.104427309090909,0.0104683507478787,0.0708375999999999,0.0325241454545454
1701274069.638,6.48529284962808,3.2810035439896503,18.22848255027334,13.022089462214533,273.8261345431677,0.49516217923056,0.57640841283608,0.22711545464358,0.32561684812828,7.82748869946954,0.49237608668125,4.44597696523871,2.42887501780659,45879360.63849085,12655239.958391884,1719781.002687425,25779629.709675096,119490809.39186232,27701561.24194664,1253282.4515755998,422849.98740599473,78291486.64597945,8913126.760563381,40577761.98831467,2591386.1243329006,2815172.459136152,0.0,896.9834115006297,0.0,13215213.88948923,72269430.94647805,6800078.622647691,0,185632.4709438308,25975888.50424208,3768364.953356503,74.09149286399074,0.0,74.80595379417404,0,7250.61590963009,0,0,36422565.18726362,0,0.0,0,0,0,0,0,149.6119075883481,0.4331290909090904,0.2512314545454545,0.984455,0.8661570000000001,20.44877209090909,0.056396802854545,0.0351299090909089,0.022626727272727,0.0404025779999999,0.6057033636363636,0.0546632297590905,0.3445014545454545,0.161539818181818,0.0866258181818181,0.0502462909090909,0.196891,0.1732314,4.089754418181818,0.011279360570909,0.0070259818181818,0.0045253454545454,0.0080805156,0.1211406727272727,0.0109326459518181,0.0689002909090909,0.0323079636363636
1701274074.638,6.35922282917985,3.24876676515094,18.24112181748254,13.11024110560666,273.7913662848443,0.4912172044370499,0.60464143508255,0.22191964457673,0.25366433844817,7.89565592727938,0.48233848383215,4.4284948090746,2.4207601149960603,45841570.85636611,10004901.347553506,1699146.493782393,34888069.173537105,132464925.07340412,27498447.7525654,1842825.899586784,616031.5153637398,105300567.45801967,11127005.152567148,40889147.60672232,2602169.940794119,2759011.24883571,0.0,885.4939828493191,0.0,13413851.525510484,83825166.34646754,6750200.896083249,0,180649.98686859844,26198790.96699479,5642421.4873012975,74.66005614086252,0.0,73.36820233574551,0,7231.534193269439,0,0,38108746.29354406,0,72.64085693510916,0,0,0,0,0,220.10460700723647,0.4231529999999995,0.2514876363636359,1.173154818181818,0.8418931818181816,20.07616818181818,0.05631546165303,0.030036636363636,0.021220476172727,0.030290909090909,0.516315,0.0545818885575755,0.300669727272727,0.159141909090909,0.0846305999999999,0.0502975272727272,0.2346309636363636,0.1683786363636363,4.015233636363636,0.011263092330606,0.0060073272727272,0.0042440952345454,0.0060581818181818,0.103263,0.0109163777115151,0.0601339454545454,0.0318283818181818
1701274079.638,6.33681304872553,3.21585864882627,18.24018401399804,13.17031235592356,273.36158306893,0.48568034908808,0.59842448277764,0.19945426714859,0.25426503567788,7.89942435805002,0.4875116581563999,4.37222087567993,2.3637268467095,37973974.31324867,10134949.435946112,1705747.3387200204,34807484.09687774,134843934.0285482,27137049.76020253,1910944.4066425145,650487.4235329571,105929347.89573322,9017818.054092027,33493560.369076416,2208357.2860005726,2797721.586990453,0.0,897.2290168303457,0.0,13382816.45754304,97693507.87663636,6661504.394801118,0,190754.11174383224,26355213.04791029,5718634.795629749,73.38529069246619,0.0,74.34026643435332,0,7177.832134642766,0,0,38622771.68848459,0,75.3259650219762,0,0,0,0,0,223.02079930306,0.419299818181818,0.2209309999999995,0.9481862727272724,0.8463740909090905,19.92678109090909,0.0562176225484845,0.030073727272727,0.022539636363636,0.030203818181818,0.5173793636363635,0.05448404945303,0.304571909090909,0.159558545454545,0.0838599636363636,0.0441861999999999,0.1896372545454545,0.1692748181818181,3.985356218181818,0.0112435245096969,0.0060147454545454,0.0045079272727272,0.0060407636363636,0.1034758727272727,0.010896809890606,0.0609143818181818,0.031911709090909
1701274084.638,6.447229060090789,3.31440592912918,18.339072892309375,13.28336925760206,273.6269393690038,0.49088069731728,0.62946010661523,0.22469363855247,0.25206447601495,7.847351229728281,0.4835118410874099,4.54616502755863,2.3988259668906298,45564716.766337626,12402328.7646754,1708746.8561854437,34856208.20016437,121131962.19770744,27489853.92466805,1890461.5384615385,636952.877495972,130153773.0859382,10913061.969713245,41314799.5726968,2591226.4851039303,2084412.6600976351,0.0,1463.8766283661837,0.0,17868748.570906766,83071645.83707644,6749835.064583146,0,186785.13369177573,25905813.022240512,7377873.6261769235,75.44111688216009,0.0,73.7845189415092,0,7246.189310412609,0,0,37687644.97466672,0,74.52150498508114,0,0,0,0,0,221.35355682452763,0.366699636363636,0.2649619999999995,0.968459727272727,0.847835727272727,18.98683136363637,0.0549362727272725,0.027556,0.0199847272727269,0.027648909090909,0.6050333636363635,0.0544827938590904,0.254639727272727,0.1614399999999999,0.0733399272727272,0.0529923999999999,0.1936919454545454,0.1695671454545454,3.797366272727273,0.0109872545454545,0.0055112,0.0039969454545454,0.0055297818181818,0.1210066727272727,0.0108965587718181,0.0509279454545454,0.032288
1701274089.638,6.43004689558727,3.2693082898401,18.49149251548584,13.216688915288149,273.5060109726142,0.49005257707562,0.61921231248746,0.20213781437233,0.25277567823631,7.91109550823191,0.48627543168133,4.60774907619984,2.3888730995118,54299700.121453024,10250462.276155876,1369637.0633727964,25575889.956768733,127606009.45851816,27694404.833836857,1893941.7822576235,631306.8560972984,132534649.24842854,8732660.272011453,33798906.033594295,2248836.995736307,2126407.8111808538,0.0,1510.7980008483487,0.0,17478647.182821825,72653132.2359497,6800078.622647691,0,185159.8320955764,26379702.7238772,7378590.694345025,74.05934149384345,0.0,75.17527438241017,0,7327.370304114491,0,0,42365226.67448767,0,74.65869529555438,0,0,0,0,0,225.52582314723048,0.439434818181818,0.305118727272727,1.1870264545454543,1.006228727272727,19.244075909090903,0.0537953007848479,0.0325454545454545,0.0224192727272725,0.0300897272727269,0.603074545454545,0.0544141112666665,0.252309545454545,0.189062727272727,0.0878869636363636,0.0610237454545454,0.2374052909090909,0.2012457454545454,3.8488151818181815,0.0107590601569696,0.0065090909090909,0.0044838545454545,0.0060179454545454,0.120614909090909,0.0108828222533333,0.050461909090909,0.0378125454545454
1701274094.638,6.694873968767601,3.36595832690683,18.46792702583675,13.26162441251338,273.15416942037064,0.49560559203862,0.63862828027775,0.20664200184162,0.26463235831142,7.90910131702388,0.48024241684301,4.67698785848249,2.4209886322221896,45979344.30163434,12757074.804450806,1696244.27480916,26405804.552329656,109213038.17949224,20990088.111399297,1874135.1609703312,863328.1767955802,132817780.89395268,8800768.997618532,33811280.9159477,2245233.598572443,2840262.254044801,0.0,2406.668870037824,0.0,18047060.316523407,71417307.21968971,6873004.0652649775,0,190090.60773480663,26436057.259713706,7435731.254961391,74.08613236384684,0.0,75.39251596753115,0,7520.8402188682,0,0,37642299.77838236,0,73.87501127243215,0,0,0,0,0,226.17754790259343,0.437600909090909,0.263884909090909,1.1824354545454543,1.160629545454545,17.07610118181818,0.0514896976590905,0.0277923636363634,0.0210259149272725,0.030138545454545,0.5008043636363635,0.052108508140909,0.260965,0.1876854545454545,0.0875201818181818,0.0527769818181818,0.2364870909090909,0.232125909090909,3.415220236363636,0.0102979395318181,0.0055584727272727,0.0042051829854545,0.006027709090909,0.1001608727272727,0.0104217016281818,0.052193,0.0375370909090909
1701274099.638,6.4880733776977895,3.2966166584027,18.25612807318785,13.05207454927296,273.54505543805016,0.49700690970047,0.62671347996395,0.2331860500322999,0.23139963096866,7.7411274094767295,0.47421884543485,4.65957130775539,2.39732622480479,38327192.276223205,12761515.14149817,1707006.9790628117,25480390.26821151,125242141.00637032,28024016.210441,2543983.8166872016,649885.0549247669,109011085.02706854,6558206.367966764,34598384.12704288,1879464.1392508885,2104081.0604684944,0.0,2407.066644629313,0.0,17413631.480591595,70917735.30885404,6882752.827616696,0,151.24157666389735,0.0,5540917.875434262,75.81113846267745,0.0,0.0,0,7522.083264466603,0,0,42045860.71147376,0,75.32596502197619,0,0,0,0,0,223.13419284546936,0.4480402727272725,0.266611909090909,1.3723879090909086,1.3056893636363631,17.83460690909091,0.0538634002151515,0.0378454545454545,0.024967818181818,0.0275914545454545,0.501194818181818,0.0901232687454545,0.3110381818181815,0.187797,0.0896080545454545,0.0533223818181818,0.2744775818181817,0.2611378727272727,3.5669213818181817,0.0107726800430303,0.0075690909090909,0.0049935636363636,0.0055182909090909,0.1002389636363636,0.0180246537490909,0.0622076363636363,0.0375594
