time,carts_cpu,carts-db_cpu,catalogue_cpu,catalogue-db_cpu,front-end_cpu,orders_cpu,orders-db_cpu,payment_cpu,queue-master_cpu,rabbitmq_cpu,shipping_cpu,user_cpu,user-db_cpu,carts_memory,carts-db_memory,catalogue_memory,catalogue-db_memory,front-end_memory,orders_memory,orders-db_memory,payment_memory,queue-master_memory,rabbitmq_memory,shipping_memory,user_memory,user-db_memory,carts_memory_rss,carts-db_memory_rss,catalogue_memory_rss,catalogue-db_memory_rss,front-end_memory_rss,orders_memory_rss,orders-db_memory_rss,payment_memory_rss,queue-master_memory_rss,rabbitmq_memory_rss,shipping_memory_rss,user_memory_rss,user-db_memory_rss,carts_memory_cache,carts-db_memory_cache,catalogue_memory_cache,catalogue-db_memory_cache,front-end_memory_cache,orders_memory_cache,orders-db_memory_cache,payment_memory_cache,queue-master_memory_cache,rabbitmq_memory_cache,shipping_memory_cache,user_memory_cache,user-db_memory_cache,carts_energy,carts-db_energy,catalogue_energy,catalogue-db_energy,front-end_energy,orders_energy,orders-db_energy,payment_energy,queue-master_energy,rabbitmq_energy,shipping_energy,user_energy,user-db_energy,carts_energy_Anomaly,carts_energy_Anomaly_Score,carts-db_energy_Anomaly,carts-db_energy_Anomaly_Score,catalogue_energy_Anomaly,catalogue_energy_Anomaly_Score,catalogue-db_energy_Anomaly,catalogue-db_energy_Anomaly_Score,front-end_energy_Anomaly,front-end_energy_Anomaly_Score,orders_energy_Anomaly,orders_energy_Anomaly_Score,orders-db_energy_Anomaly,orders-db_energy_Anomaly_Score,payment_energy_Anomaly,payment_energy_Anomaly_Score,queue-master_energy_Anomaly,queue-master_energy_Anomaly_Score,rabbitmq_energy_Anomaly,rabbitmq_energy_Anomaly_Score,shipping_energy_Anomaly,shipping_energy_Anomaly_Score,user_energy_Anomaly,user_energy_Anomaly_Score,user-db_energy_Anomaly,user-db_energy_Anomaly_Score
1701358673.821,6.8927729256698,4.63439701087447,2.37674502538429,1.28373514633654,9.3410081683389,0.26004077802796,0.62743896156839,0.2831649986615099,0.2216381962187,9.65407177888834,0.23694662834762,2.21587470153814,1.49418630945871,23601.26764621147,7426783.867407314,947535.7495416726,34475.47059575323,9072430.11214251,21548021.39576768,1298946.447763407,811477.6090863895,130011073.50901526,13088314.686442044,20593185.690196007,1681932.3671497584,4277770.730818297,11284.35609334486,2075.162393471692,72.20420251022423,4860.96656990013,5620086.20843841,1549.1400270148583,0.0,0.0,0,9209928.672506137,0,0.0,74.64917076726807,0,3557.421245951472,0,0,0,0.0,0.0,0,0,0,0,0,0.0,0.979026119993939,0.7138873297969694,0.4028237966393935,0.20091975650303,1.1175883240242426,0.1010180909090904,0.1823672727272725,0.105966545454545,0.0736811818181815,2.5926113636363635,0.0857741818181815,0.4463293081060605,0.3596332727272724,1,37.543918172358424,1,66.82719238595075,1,33.192856728228776,1,31.847710823980663,0,58.224511789198075,1,61.08170860004779,1,0.9556896465630302,0,-0.009322049137949762,0,-0.021580305306656555,1,118.00105132420386,1,0.1533570570773577,1,41.007218009439924,0,-0.04904612574560396
1701358678.821,20.22018279081591,13.62906808228509,5.17084561073927,3.1745654160994405,15.45377759283866,21.19445891441783,0.6267097595322499,0.22702972175194,0.21834305292745,9.28190372424866,0.2352847883790199,3.1140773756136,1.80405992954164,24701.591222843857,7356080.134752536,990923.1582979189,8690924.693710864,9037047.310112558,52072255.52539038,1247221.3764951248,585745.9665149779,157049879.0072199,11116368.957903763,13767069.740382517,1606926.7982626506,4965734.292147891,12499.6003778246,1199088.8434935312,74.7077170007478,4442370.160631637,5577646.228839847,17657884.88238617,0.0,0.0,0,7512235.753517144,0,0.0,74.38076559889592,0,8440.66946206501,0,0,0,11690585.146691447,0.0,0,0,0,0,0,0.0,1.323543475330303,0.9819073546666666,0.6156441004242426,0.3609773964545454,1.7309238476303035,0.1047263636363635,0.151521727272727,0.101863818181818,0.075239909090909,2.1381275454545454,0.065205727272727,0.513401366078788,0.3703134545454545,1,33.14296092515285,1,61.79853429329195,0,17.221034377362344,1,19.798502775489453,0,39.8987782882364,1,60.74791351485254,0,0.5088647069098897,0,-0.0006846951392844858,0,-0.01579081538028504,0,82.4045240607922,0,0.03902800048132349,1,35.347184600383116,0,-0.04158539756187807
1701358683.821,35.02939730040275,24.052907230721328,6.54850458684596,4.71873412352402,22.32774764236338,45.43418916115311,0.59612157422061,0.38823830338351,0.2117492908438,8.986887011436039,0.21098214883636,4.1454592759366,2.23165615140799,32724.36750998668,7507049.916835736,980254.2595952048,17358781.035422344,9449513.321754554,54156111.94399136,1287641.650410394,577122.4434730991,127898739.8204668,13223800.81065431,20892275.15407966,1641498.5590778096,5002611.751342041,12850.664866935407,1223087.715450275,72.84885995802652,4446001.525885559,5849904.142492887,39328296.17139821,0.0,5820.588923065854,0,9306052.113491602,0,0.0,655663.1794946959,0,14374.294017656412,0,0,0,16648593.05462432,0.0,0,0,0,0,0,0.0,1.426207373763636,0.9708401943939392,0.7579801201090905,0.4822748678363635,1.808232584421212,0.192744051763636,0.126081636363636,0.0964980909090905,0.0661539999999999,1.7282102727272726,0.0602653066696965,0.5223283636363635,0.360842728830303,1,32.02136967502285,1,62.00378391964914,0,8.809670601505132,0,12.230858303923384,0,37.73953470515565,1,52.943702292855335,0,0.2365340151166606,0,0.014053999040868348,0,-0.04494264423465211,0,49.7710948789597,0,0.02008987942161866,1,34.614077794273356,0,-0.04849215683421304
1701358688.821,46.5178376126496,31.07724169606828,8.29777834514684,5.853326322353429,29.114077687199867,72.97472234239808,0.5811627631269299,0.46445903044256,0.20566588969785,8.45686534071747,0.20927442828948,5.48238456308369,2.82888682978762,7990737.811900192,5952536.141417432,1323141.9065528717,17526769.275915194,9379912.97306052,83346288.3734458,1266409.7449727596,401247.2316631948,127436516.98538488,10812372.685801515,13708536.022741675,1257330.43335222,5006414.36149709,13028.132711817932,2415031.0662396643,74.06335888904962,4488892.671117307,2933959.293850888,57973976.29608086,0.0,13547.052589262872,0,7305213.128139589,0,0.0,1313405.6058297693,0,19639.21909207693,0,0,0,16660098.25665188,0.0,0,0,0,0,0,0.0,2.580804834866666,1.6748081779121216,0.9083498793727276,0.597124365760606,2.4041724545454546,0.6841821574848485,0.1259452727272725,0.0921950909090905,0.0586861818181815,1.754846,0.048652,0.54009860210303,0.3680467272727269,0,25.23875181225595,0,49.34321038117617,0,2.196363217942519,0,6.460154384167055,0,22.62149162121858,0,15.899553175889395,0,0.23530916889768605,0,0.02869218880579183,0,-0.060595101144031105,0,51.820631160784586,0,-0.011418559555750107,1,33.16958634832153,0,-0.043223845664954186
1701358693.821,59.05183532690575,37.26737208914345,9.92214994496326,6.896315374375379,35.05571118183402,100.18894504360316,0.54157255969006,0.58527832777539,0.2002547362824699,7.74726358943489,0.2051500460048,7.04144073863639,3.4143837964739,7942344.572144452,5975806.045659782,1305969.960586585,17430893.322148874,6442869.586983729,119993361.93265384,1260869.7720515362,215341.990051605,104480251.67286928,8900816.752398673,13659072.615417922,1679840.4692082112,4982475.125605188,12940.13835176208,2426092.879032404,72.7195256187196,4463189.46715781,248264.6164848918,64522663.13426795,0.0,16406.28202023213,0,5641918.3539454965,0,0.0,1307262.7021101671,0,24510.49014452282,0,0,0,26975792.65604494,73.8084512118209,0,0,0,0,0,149.66657531743857,3.715791988563637,1.6575040410181816,1.0569189043939395,0.7011662574848485,2.879167015154545,0.7460305483,0.0991461818181815,0.0839224545454545,0.054322906442424,1.328926727272727,0.039659,0.5493451466454545,0.3432028185606059,0,22.196451259686647,0,49.64807723501368,0,-1.8500928232384695,0,2.4933490184440075,0,12.99568222864886,0,12.321051539339436,0,0.04328362913526007,0,0.0638809179209261,0,-0.06627060040506194,0,21.948299142599694,0,-0.023274890403229165,1,32.42592036441425,0,-0.042399612377185036
1701358698.821,69.01744960769926,44.19801935725512,11.13635222542133,7.9833959837618,41.10822500228489,131.34008295191612,0.5308956485862,0.66776255461749,0.19441071135206,7.42048958155272,0.19671802474479,8.37285100548447,3.97434103600093,16002332.392300636,6041626.192129206,1684250.8023253682,25848734.54217411,9866353.336867312,122602507.34939502,1283163.9711005976,213930.5339554173,104030160.59726556,10849586.324786326,13654884.680590125,1676289.8720292505,4934079.611544943,13215.325389550868,3660611.977929623,75.11599332465293,4415920.324763194,3275482.2600398487,85805350.6869125,0.0,16304.52492038806,0,7336624.501424502,0,0.0,1941097.1681191456,0,30008.696605400663,0,0,0,33029833.76674861,75.10910624564491,0,0,0,0,0,148.42461906401175,4.851171604500001,2.368056908081818,1.0361108325363635,0.7056748249454545,3.4191361842484853,1.024970410313131,0.095508636363636,0.0750173636363635,0.048598636363636,1.3088433636363637,0.0405380909090904,0.6823360007909091,0.384684818181818,0,14.792759829037585,0,36.92775393697508,0,-1.4377510561606073,0,2.3495949375418945,0,5.16887267507434,0,0.132864303260817,0,0.02469389538816813,1,0.11211712056541501,0,-0.06983469428587341,0,20.742228234314837,0,-0.022598750436145565,0,22.379048166472813,0,-0.02514214697754158
1701358703.821,80.35912219367763,50.38736414278472,12.69030538374456,9.16612731427316,47.77818017734785,157.53730044868104,0.4910774350856099,0.77757860425937,0.1883637870099899,6.65715509304603,0.18595502168414,9.97963459664124,4.49264147735415,23837100.555707384,5991489.361702128,1978480.8352351345,26189870.72243346,9824951.86524449,119801726.3946951,1908738.8321778849,211591.7888992657,77073605.82783367,13254089.59988392,13681039.681966027,2071114.621641696,4877392.575605561,13209.292156326865,3629871.761470546,73.60419773940232,4474721.263527347,3265754.8743481184,89898697.41963384,0.0,16126.279550989764,0,9329257.73569848,0,0.0,1919724.810090297,0,35348.67564046896,0,0,0,33147390.79202345,74.53099696126063,0,0,0,0,0,220.1519277626487,4.853425288893938,3.011823245639394,1.169838259121212,0.808260030539394,4.044674406433332,4.350633363162121,0.0695001818181814,0.0809188969060605,0.039232818181818,0.8415232727272726,0.0332614545454545,0.6977374944393939,0.3594929583575755,0,14.77385273853443,0,24.64195102976636,0,-3.1919724214479857,0,-0.2720874979457335,0,-0.22759775774500213,1,208.50456189962824,0,-0.056111474451711274,0,0.07895037987299247,0,-0.06616504694511605,0,0.4595774145304006,0,-0.025044011117017817,0,21.299345593893833,0,-0.04904612574560396
1701358708.821,90.34733964993492,57.08220746268654,14.20107313808594,10.2676880318999,53.63537620061858,186.64278731407452,0.47061913646436,0.85199254600345,0.14755474575048,6.09973190513889,0.1702302261759999,10.87578636652906,4.93595624574507,23656503.39939245,6161900.37406022,2322787.7997536766,26823022.18394893,10279486.007445412,160068704.43436334,1874661.5197655293,205285.79643473265,77129236.56573677,11225065.714127893,13942197.369875124,2079615.397203484,5006783.271081345,13109.214523361785,4947557.201585126,74.18677099181338,9160004.64271674,6379360.88011409,91275701.9338078,0.0,15825.18688901668,0,7588282.88928578,0,0.0,1971542.4386833247,0,40882.63397651938,0,0,0,46849623.387553126,73.20037172063763,0,0,0,0,0,226.0943163627666,5.990883098718181,3.654422127051515,1.171741617193939,0.8108092615090905,4.092347099472727,7.316932452844242,0.062435636363636,0.061579909090909,0.0320620909090905,0.8747029090909091,0.023959818181818,0.6550561998575755,0.3347110909090905,0,5.265931751511459,0,12.687694330392105,0,-3.2015367061508755,0,-0.3212187099912853,0,-0.5217409786897917,1,243.37361855786412,0,-0.06226283356585327,1,0.20521874883246483,0,-0.05538412327740616,0,1.3350672807900992,0,-0.017730571129220607,0,24.33596386597452,0,-0.04058434507758879
1701358713.821,101.85369404576174,63.39936797856511,15.52868750408302,11.25694242156588,59.07822768237949,215.7477673430256,0.4366171415099399,0.95857949927693,0.14041926215824,5.74744639361109,0.16602293774746,12.410807742513889,5.54019177494592,24302750.761459023,5974021.54237683,2333127.862664683,35138698.021897145,13498455.655243415,190780241.9879248,1902369.5616691755,15993.058568329718,79278424.15699077,13187449.730489807,13876333.77328054,2052994.226286534,4165180.5329663446,13540.74734417948,4794559.707511157,74.32947410445324,13502743.435458643,6332488.8954257965,115334489.30207436,0.0,15919.016630513375,0,7427825.854951236,0,0.0,1915092.8491001048,0,46321.05668763554,0,0,0,54101066.53938706,74.28229448142035,0,0,0,0,0,219.62073957570013,7.106135821960605,3.669737965587879,1.28828168399697,0.808247763442424,4.679166173309091,10.332748293223233,0.046875636363636,0.066030636363636,0.022243727272727,0.8967419236181815,0.0177014545454545,0.6680819634454545,0.2985510909090905,0,0.14457822111866392,0,12.427207983306417,0,-2.9585770785475916,0,-0.2718489568779887,0,-3.251389791283543,1,243.4559127386011,0,-0.052004053406847106,1,0.17167652170815018,0,-0.029410820006489757,0,1.9692092962218624,0,-0.006218008143036968,0,23.394543034843736,0,-0.0031487308981196227
1701358718.821,113.50869181493972,69.54417154455476,16.60253774406145,12.16172618099433,65.2830909854164,243.3256342754384,0.41941285375205,1.1163573375779798,0.13607834294508,5.10621803508645,0.16263992086859,14.41591548237271,6.243961007233749,24053271.37710462,6030146.606074757,1954961.584549236,33801297.722083576,13408720.144554565,208244833.87029943,1277709.6950885523,16187.057467479006,52839516.531607546,12993770.51741894,13930394.994479207,2094361.61497952,3552842.120684919,13401.367546503932,6000717.618953532,72.1787551984211,12987957.167383494,9291114.63979996,115017894.82144316,0.0,16187.057467479006,0,7321496.359955964,0,0.0,1962299.4231297504,0,51500.72746214502,0,0,0,56895968.09617709,74.78546649625709,0,0,0,0,0,225.0343375148796,7.111075096293939,3.680715009275757,1.4290117704545455,0.9233613287969696,4.707633283769697,10.3039311260697,0.0349933636363634,0.0631966387181815,0.0179986363636359,0.5152351054363635,0.018279822951515,0.664000702224242,0.2725732727272725,0,0.13543259813934583,0,12.24157506288715,0,-0.5037691223379852,0,-1.7032818616549434,0,-3.3427851380188827,1,243.45591245337314,0,-0.022120549948226653,1,0.1927247281772111,0,-0.0141689449571345,0,-2.7801577915039672,0,-0.007504304533142658,0,23.68814014071458,1,0.04071719709810817
1701358723.821,122.24962949044463,75.85771476514937,18.1426682394366,13.40474518266375,69.8541711222553,270.2204167352761,0.37903463358462,1.1820125704989102,0.13316464157311,4.80718961285585,0.15829406159942,15.19050403985896,6.54456159640186,23962166.626967408,6089222.383299508,1999185.2654387867,43431974.80750678,13538873.79929571,214147765.4454194,1256753.234135195,15919.016630513375,52268629.53995157,13109929.73718626,13634397.694524497,1653473.775091733,2800731.1874571005,3827.5464023306527,6059829.515801682,73.96171903214157,13357238.14551213,9376040.708715132,114655978.0449933,0.0,15993.058568329718,0,9226585.069599956,0,0.0,1935467.6492901267,0,56113.65613221224,0,0,0,63030598.38728921,73.69689990823872,0,0,0,0,0,221.9572992305192,8.24599575949394,3.699331214875757,1.577199515933333,0.9253701756515148,4.690871272727273,10.45474467549356,0.025303727272727,0.0752980909090905,0.0101009999999995,0.3896044690727269,0.015829545454545,0.5090231818181815,0.2976201818181815,0,-0.16078993384482487,0,11.928820739635356,0,4.5670453467148775,0,-1.7138839372590837,0,-3.289503172543135,1,243.45591363209724,0,0.01637839945738051,0,0.11043261087155543,0,0.020630082148556994,0,-1.3117085695370747,0,-0.001744426296909296,1,35.708527610277685,1,0.00018814399485655997
1701358728.821,126.40094514497002,78.88545313710445,17.57731158639517,13.299991861779713,69.75858284763605,300.147025948223,0.36234552039305,1.28749684290269,0.12668393676877,4.157105233996989,0.13828128674431,15.38617734597495,6.69360660718505,32077521.524762675,6135992.399327632,1992539.3097008225,43488555.50692925,16673725.84006728,219844390.21163532,631024.6017123659,15659.202621518294,50897144.02071984,13517874.19199941,20992208.245516736,2063283.0311114315,2817428.1405026256,1883.876664949592,7326804.940437038,0.0,13376009.336250912,12270776.701159092,114325022.79367971,0.0,15659.202621518294,0,9514542.163779411,0,0.0,1947034.6531954715,0,58522.83855879558,0,0,0,69399349.20675416,73.98576641017304,0,0,0,0,0,223.2923261434464,9.19072809090909,3.384849727272728,1.417913090909091,0.8238360909090905,5.100080181818182,12.628133039321211,0.018856909090909,0.0715519601151515,0.0112924509090905,0.2954059236181815,0.015805727272727,0.5583389999999995,0.2398249090909089,0,0.00010026748735469937,0,17.511908661280017,0,-0.7822083047711885,0,-0.560031471018533,0,-4.026292875625813,1,243.45591494437312,0,0.04902245530485061,1,0.13378954632588602,0,0.014843528612459522,0,0.793571911968769,0,-0.0016844450552184753,1,31.70789364683688,1,0.07823021765959992
1701358733.821,124.19352562502245,76.650061270477,16.465700294786608,12.48900942616203,69.04871379717224,309.0637243163141,0.34121341263557,1.29169300594936,0.12380558108279,3.99504231601534,0.14222635633971,15.95342485865264,6.918621107557351,39312231.46578159,4591114.382622501,2012261.086343372,43624306.87617759,16796522.31624357,226078629.13666448,643283.2599849006,10338.040008435202,25875671.564265087,15518708.7341565,20297682.20089022,2113236.9092051294,2121775.1622041487,960.4964104044157,6034188.063794472,0.0,8946433.643697293,12414784.727983337,97848119.28140227,0.0,10263.665619885309,0,11232772.199087124,0,0.0,1958279.521155076,0,59561.52125279642,0,0,0,64850875.554585785,75.42305780102012,0,0,0,0,0,224.58192451795668,8.858238,3.859579181818181,1.3531767272727273,0.7737884545454544,5.133295545454545,13.667272726897274,0.019256,0.0705449090909089,0.010485545454545,0.2547429236181815,0.0144814545454544,0.638755818181818,0.279136545454545,0,-0.00403521601832324,0,9.353541048968225,0,-2.1181265959521625,0,0.4690375709864725,0,-4.019418818594545,1,243.4559149444102,0,0.04683857647546574,1,0.14039237982825625,0,0.018741607318304432,0,1.9654625761905606,0,0.0017711044918087282,0,25.531820226724676,1,0.03187664496809328
1701358738.821,120.0662007707024,73.2957952349727,16.086427613162797,12.13906235701526,68.10530434829762,309.56776824520574,0.33442086216265,1.4674994233323,0.12242528272883,3.9229931467429,0.13510053656488,16.55665943009204,7.169764428358361,47640842.05156236,6186899.817850638,1962371.8793404324,35147782.86577392,16468537.555121807,237109637.5674261,632761.8909617823,218320.20519910497,26072180.06807452,15641347.556728618,13815375.24866315,2529325.793694793,1406579.898875996,746.2876924478455,7305876.284153006,0.0,13512672.990845293,12159046.916793177,75851260.702495,0.0,10282.658128831565,0,11321395.652333297,0,0.0,1297963.115201339,0,59388.26958105647,0,0,0,73759995.95893994,74.18945843144358,0,0,0,0,0,223.49132443345096,9.950163,4.555357272727272,1.3304754545454545,0.636106636363636,5.073400909090911,14.065312454545452,0.0195641818181815,0.066835545454545,0.011655842651515,0.210392650890909,0.015348995030303,0.6403061818181816,0.2694779090909089,0,0.050922570415323776,0,1.288321993261306,0,-2.469212482443311,0,4.829558032711759,0,-4.022847116512736,1,243.45591494441032,0,0.04516688356108034,1,0.16589651294418672,0,0.013116583071791865,0,3.422023410447167,0,-0.0005194684803200289,0,25.417238236339017,1,0.04462512326662427
1701358743.821,118.65499353250677,72.25205817412838,15.85473251729642,12.092421207758887,67.09309770349195,309.39106570951213,0.3293671569073,1.45154131870962,0.12268235556879,3.91688019334166,0.13578442108738,16.730375684536718,7.1615256364241695,46644428.28859359,6143740.886005025,1636074.791555792,35220474.61380876,16592701.981693448,204057610.81021532,1269821.8044976096,213162.95246682985,26517650.982727807,15453559.405492494,20828245.65265243,2466882.2596915984,714064.382446533,730.5805761170069,6048979.196414048,0.0,18051715.99948323,15201181.51875239,58037809.02197662,0.0,2713.531219521172,0,11186864.932384728,0,73.78584810491425,658594.2425812181,0,59003.95828438196,0,0,0,75065458.64468394,19509.37153453197,0,0,0,0,0,227.33663879227413,8.758837454545453,3.854027,1.165640909090909,0.521087545454545,5.041062363636364,16.926818727272725,0.021252727272727,0.0743313636363635,0.0106377272727269,0.2168213865696965,0.0167392727272725,0.746716818181818,0.3152480909090905,0,-0.01431440150881258,0,9.439013031278947,0,-3.169344782051951,0,10.12297664339161,0,-4.008515916860404,1,243.45591494441032,0,0.03623534080685431,1,0.11627829382200616,0,0.017999740089976513,0,3.199442653408255,0,-0.00397778201016763,0,17.99033521351234,0,-0.015005819751691685
1701358748.821,118.2602859759194,72.15081578551644,15.724477199050671,12.06559262214809,67.1049607565014,309.08643520000004,0.32349663788013,1.4182451936009,0.12185388147984,3.91483962625778,0.14429054386346,16.37324164202501,7.05129026828372,55314419.6707043,6224934.514312959,2024148.8050337608,43257750.661975406,16537963.120567376,194933313.2885906,1288843.2240921168,202523.9612090324,26171798.229178146,15726444.878552211,20529989.1516598,2439811.607111048,709009.9228224918,742.7286574309132,7353961.599823953,0.0,22173134.17244006,15172704.273504272,50888337.46756152,0.0,144.97062362851278,0,11382927.573624268,0,72.96305532794186,654140.6835722162,0,59039.00533641415,0,0,0,69180871.87472035,19727.192205491585,0,0,0,0,0,75.26644615950019,8.763047,4.598698090909091,1.169345727272727,0.5264821818181815,4.336498454545454,19.819667545454543,0.025241545454545,0.086117818181818,0.0126321818181815,0.246509204751515,0.01739751620303,0.8908903636363635,0.378439545454545,0,-0.013762984280219825,0,0.9750495549952802,0,-3.189426416081062,0,9.842545637257672,0,-1.8465217478668592,1,243.45591494441032,0,0.01666643499061138,0,0.05363912261384485,0,0.00856458898749679,0,2.221869688679675,0,-0.0055238942682649395,0,9.42791316944502,0,-0.03233898923213285
1701358753.821,118.5663852751222,72.33219374513169,15.88603115318718,12.17742955186124,67.06346179471095,309.070863335956,0.3209392623127799,1.4399699592481,0.12261574577103,3.9149247856387097,0.14155306914437,16.495255969353607,7.085172029152139,47715351.091001965,4654326.238565348,1620400.3744458377,43100000.867365375,13131434.513671,219867431.248056,1257216.589861751,210078.27300095453,25886955.17560913,15568371.875798153,21184981.52916153,2886095.73372364,379.79378384392845,597.8252937312997,6060047.024726022,0.0,22092568.70256596,12036915.7507844,54253169.926628,0.0,150.37814817534326,0,11268595.61425913,0,74.01384145570191,303.8350270751428,0,59505.33466171543,0,0,0,63959370.135216735,19244.239631336404,0,0,0,0,0,75.95875676878569,8.761572454545453,4.592116363636364,1.169440636363636,0.5227813636363635,4.300806909090909,22.472299818181813,0.027111636363636,0.0770308181818179,0.0125480909090905,0.2129149534393934,0.022744818181818,0.768031545454545,0.322719909090909,0,-0.01395490097850427,0,1.0211763880646885,0,-3.1899191484552034,0,10.034592140867176,0,-1.670302638598372,1,243.45591494441032,0,0.008232194417246319,0,0.1002716022939012,0,0.008951607394408256,0,3.3342335949523374,0,-0.015910296836125326,0,16.61129876269004,0,-0.02022351319098159
1701358758.821,118.75700769965802,72.75452955154132,15.82485214655342,12.15974632283918,67.08225589525236,309.0407826238306,0.32198607418544,1.4473037775616,0.1222791217201099,3.87019888128933,0.21249251232781,16.65688792540704,7.12265990495065,48069177.1105149,4614745.681675205,1652107.2465336,43056356.99328471,13401559.299733195,230846092.39248675,640546.8380425016,206157.6596051304,25960937.609329447,13315613.6355368,20661110.322615866,2513659.3809593664,150.31744284193914,677.4229115366239,6009528.1028129775,0.0,22069643.72878908,12276472.935930705,49367731.38008557,0.0,147.5716962098285,0,9372578.455269763,0,75.10635176763972,150.31744284193914,0,59413.534645457,0,0,0,80752748.42265573,19826.98619336621,0,0,0,0,0,0.0,8.76142318181818,3.872659727272727,1.158841636363636,0.521508,3.636134818181818,22.386334727272725,0.026919880081818,0.078721,0.013475574063636,0.2505513170757575,0.022687818181818,0.9156753636363636,0.389337818181818,0,-0.013974463882775012,0,9.153302469258776,0,-3.128208097242805,0,10.1010091812758,0,2.919173482977527,1,243.45591494441032,0,0.009075278739942405,0,0.09075159456472193,0,0.004735525533476448,0,2.09519277919037,0,-0.015819995255242247,0,8.144446907886902,0,-0.022721118401973328
1701358763.821,118.57191374774858,73.0892444259446,15.78581727891896,12.11624598896632,66.53975347362812,309.2910278542869,0.3273628241642899,1.45879650842603,0.12251737034544,3.86804587961007,0.21305973803581,16.77167885754659,7.1159847897701205,47587488.80277974,3139456.203851165,1657809.3685468968,43142434.15031202,12999035.340081692,220468276.61779943,654678.4590016489,210085.98597496047,0.0,15664250.546142126,20685199.205727503,2485783.792597424,507.8105628564344,819.6619913041895,6053638.337918054,0.0,22113658.31599892,11922626.03445214,75602148.97082777,0.0,150.38366927341485,0,11339061.626861012,0,74.2069315361342,435.2661967340866,0,59450.41262487332,0,0,0,69484230.41611135,20262.02968070754,0,0,0,0,0,72.54436612234777,7.524482272727273,3.9122162727272727,1.167511909090909,0.5191239999999999,3.5797341818181816,19.751541454545457,0.0272762727272725,0.0797560909090905,0.0126304545454545,0.2478171352575754,0.0209688378242419,1.076515818181818,0.458930545454545,0,-0.29796490758855043,0,8.557629636613868,0,-3.1796921082035396,0,10.225815344478633,0,3.459840912915297,1,243.45591494441032,0,0.007512313012227878,0,0.08511239064608844,0,0.00857253051214002,0,2.1807113408580676,0,-0.012890013414619261,0,1.2667689867581942,0,-0.13591567568288526
1701358768.821,118.9550452988836,72.8411079045598,15.776031299099133,12.11089256319496,67.31796964494615,309.20033390826137,0.32586884816267,1.4793449394575,0.12195208725902,3.81959558858566,0.21249346641479,16.83106451779266,7.19285642357901,54938024.054735325,3167257.556905512,1643861.3333333333,34117297.29343201,9963328.90640465,183440713.339404,1298666.7162320404,210596.2975230945,0.0,15630830.856074631,20624781.7778908,2525786.193177632,530.157908361377,737.4864962189413,6114395.95989168,0.0,21855145.339483,15035988.554769749,49998815.290945776,0.0,150.74896028854292,0,13203093.37829665,0,75.44389596994031,454.4210643097518,0,59507.86796457588,0,0,0,60862024.246969126,20098.95726845226,0,0,0,0,0,75.7368440516253,7.545009818181818,4.612564454545455,1.1664543636363636,0.5199100909090905,2.9915035454545458,19.57112009090909,0.027249909090909,0.0796635454545449,0.0116734871060605,0.243824462951515,0.0206361818181815,1.1017335454545454,0.4679310909090905,0,-0.305098081750927,0,0.8795586803165634,0,-3.173894589524707,0,10.184593988366885,0,11.089568423777834,1,243.45591494441032,0,0.0076273366500458906,0,0.08561066853275179,0,0.013033185565802796,0,2.306860896958881,0,-0.012276809550712642,0,0.4256699049043675,0,-0.1430714675625746
1701358773.821,118.7860201789696,72.7937306235172,15.84548914091963,12.178633557779769,67.48113818067958,308.9720942319046,0.33068547229864,1.46605593788342,0.12137151746214,3.81429327904129,0.21323256503128,16.79939326037708,7.194088040187941,54825620.93006541,1657243.1791221823,1980416.594139832,43407909.73612375,13486829.268292684,187215578.54349595,1256471.9929510348,209499.2949621843,0.0,13561265.907320151,20771169.209380604,2504399.883075124,532.4716325886307,809.6025300079062,4965580.071174377,0.0,22248622.23839854,15383617.41949746,50230248.65343468,0.0,75.00869851850494,0,11454986.086891998,0,74.83192049108447,456.4042565045406,0,59368.92052194543,0,0,0,60452465.80883937,19444.786103468738,0,0,0,0,0,76.0673760840901,7.521100545454545,4.6248830000000005,1.016698454545454,0.4020762727272725,3.6556041818181817,19.743829636363635,0.0253070177363635,0.0799370909090904,0.008476545454545,0.2442861207303029,0.0185592727272725,1.2685104545454546,0.5337991818181815,0,-0.29668387742249536,0,0.7966423655579291,0,-1.007232412279393,0,17.073376251537496,0,2.7392990169586255,1,243.45591494441032,0,0.016363167970951054,0,0.0841411700588992,0,0.028826832381980694,0,2.292197844293355,0,-0.008109580740494948,0,-3.4351869319522734,0,-0.07902568743334881
1701358778.821,119.45366658120282,72.73883570793006,15.90604879648684,12.194940614866,67.57532451648356,308.7491443223171,0.32648512244488,1.46285540360299,0.11738364076798,3.7509427599735896,0.20909714692513,16.81177566128765,7.1771498361551,54703418.79728906,1612843.23303492,2335722.4753785096,43701523.09411701,13334280.439560438,191662399.58828068,1911058.3687387167,203521.6161903576,0.0,11174786.74097976,20726733.475713268,2954852.9917373704,894.8115783724741,807.8316061247176,6071889.1572391,0.0,22399036.14811015,15231493.626373624,50051364.33481601,0.0,145.68476463160889,0,9440084.48225286,0,75.71304460341226,745.6763153103951,0,59429.15251775046,0,0,0,65451905.7456898,19717.802374136136,0,0,0,0,0,74.56763153103951,6.319793363636364,4.621240454545454,1.019208727272727,0.5274643636363635,3.613367272727273,20.564989727272724,0.0273543636363635,0.0797823636363635,0.011706423421212,0.2396765752757575,0.0190891152666665,1.2708841818181815,0.457400545454545,0,3.121115497012653,0,0.8209730565650801,0,-1.0653846446188595,0,9.791819312354278,0,3.1338806031156707,1,243.45591494441032,0,0.007172133214396581,0,0.08497111371923438,0,0.012877617714707412,0,2.4395084480321145,0,-0.009228169386062746,0,-3.4683785540888152,0,-0.12879055385899857
1701358783.821,119.29175830522529,72.48077687253614,15.779232847143293,12.142606708390389,67.05796676308634,308.6114033387803,0.33016984642164,1.47708668451228,0.11821559116343,3.77966274474256,0.21251751775876,16.61330901413591,7.11379080722446,55029846.07059757,1634602.4237114906,1997938.9452853005,42407214.97786391,10143506.92551594,189800069.52388024,1900242.1714928104,206840.99911374776,0.0,13252371.863669325,13717487.967526818,2502575.68627451,712836.8595650571,812.6837539005429,4886090.232150679,0.0,26084098.21666696,12355290.723331666,50565733.04612641,0.0,74.08345240463746,0,11193975.924583027,0,74.71044231646147,754.88389237007,0,59430.57380639509,0,0,0,62321082.67102428,19606.969955213863,0,0,0,0,0,75.488389237007,6.3242628181818175,4.624394,1.1718076363636358,0.648806,2.8946934545454543,21.471006181818183,0.0271996268939389,0.079738636363636,0.010548909090909,0.2459072116393935,0.0206291818181814,1.239432,0.526438727272727,0,3.0953677159860433,0,0.7999011065154065,0,-3.2018607751182913,0,4.335392618955609,0,12.72347789670107,1,243.45591494441032,0,0.00784699779364928,0,0.08520625306039165,0,0.018432340452079643,0,2.2408678206620607,0,-0.012263745426707828,0,-2.9784533646011653,0,-0.07868373888386648
1701358788.821,119.06500739021126,72.73292724536057,15.79734026555956,12.14768615412347,67.7182968628667,309.1295611577351,0.32073241310099,1.48029710176118,0.11830420982949,3.7268410573842,0.21383781602914,16.72397279476531,7.094907383875359,47995760.03376705,3260695.387213421,1990804.1772591767,42994155.92609283,10003109.515786389,190851297.53350523,1912238.956299608,205174.6475842032,0.0,11096738.71249636,13788374.499089254,2469498.714699168,694282.1451647641,751.6837642913509,6135616.879898676,0.0,26445725.245606128,12165804.116914513,49788646.29842942,0.0,73.46031062807131,0,9374163.7052141,0,73.63066026712686,808.6725536650155,0,59245.72771159529,0,0,0,63700161.30177292,19730.75449320317,0,0,0,0,0,73.51568669681959,6.276478181818183,3.8658174545454544,1.165546909090909,0.5259094545454545,2.913285363636364,20.38393,0.0273014545454545,0.094366818181818,0.0116886949454545,0.27718684800303,0.019071386790909,1.0867440909090904,0.4543903636363635,0,3.3756347826474666,0,9.25784315368142,0,-3.1688135336415826,0,9.872168758463772,0,12.401212996653655,1,243.45591494441032,0,0.007402521582037025,0,0.02099074756489472,0,0.012961333072041725,0,1.2991724171642431,0,-0.009191355661300804,0,0.9176516393386294,0,-0.12787621457051285
1701358793.821,118.93246315112548,73.18730456189306,15.84656574880999,12.15091661091117,67.90128228345729,308.9890560923949,0.32265516723305,1.46809974100402,0.1181942977903,3.69241887160914,0.21191904376886,16.350252067206792,6.938195924885029,46721984.708824575,1698840.3062067446,1665921.6404247528,43127878.04922154,9803340.885019297,186650827.0610792,1874445.644786264,210213.33186385265,0.0,10825589.546939356,13601080.925686358,2077483.6142660785,706013.5776334039,731.6898892461593,4915305.270500982,0.0,22107408.40129473,11945349.250516113,49723487.9211175,0.0,75.23741297918849,0,9145828.149410596,0,74.0794328293424,822.2497992554202,0,59327.44662493346,0,0,0,61282113.46663015,19340.79771060633,0,0,0,0,0,74.74998175049274,6.305717636363636,3.151713363636364,1.008987,0.526910727272727,2.904898090909091,22.593252181818183,0.027141250824242,0.096327636363636,0.0126032727272725,0.2810545752757575,0.0185089999999999,1.2067554545454544,0.5082644545454544,0,3.2028363138299056,0,21.935672396232277,0,-0.8239829143335555,0,9.820400458482027,0,12.546094011394601,1,243.45591494441032,0,0.008102433846318036,0,0.014586164594732054,0,0.008697532805399533,0,1.1891899367341807,0,-0.008001472249816288,0,-2.355105828484767,0,-0.1076221705134841
1701358798.821,119.63956219818824,73.39296258423244,15.88606213399962,12.13658952875854,68.51726156768889,308.8872696913658,0.31970223635874,1.48084383113341,0.11701300156795,3.6611447340884498,0.21165922511546,16.07203768039931,6.9039082662566695,48359001.07228694,1705925.1021835993,2019343.92004442,50924537.58542141,10043928.027327696,208708985.83406648,1252324.2003404712,208069.233846042,0.0,11190780.606906174,6801713.9468434965,2071926.7913335988,1398574.5138826084,605.805139582178,4927432.043303752,0.0,21756501.13895216,12215048.207076706,48890930.28349821,0.0,74.47001927202648,0,9453817.340700898,0,0.0,814.9769376865335,0,59501.12309901683,0,0,0,60778353.7353897,220.1953229997312,0,0,0,0,0,74.08881251695759,6.318837,3.869771272727273,1.0161610909090906,0.5234477272727269,2.2346371818181816,22.381368272727272,0.0272423636363635,0.0982264545454544,0.011648364763636,0.2785470214151515,0.020555636363636,1.0461601818181814,0.4448163636363634,0,3.1266358401978493,0,9.197381364829042,0,-0.9946872060360761,0,9.999904025298093,0,26.616834269997526,1,243.45591494441032,0,0.007660277047818909,0,0.00888055360871931,0,0.013151944435719543,0,1.2603321519472956,0,-0.012126080760992863,0,2.366396799935842,0,-0.09298517845743048
1701358803.821,119.6195430856208,72.94876160428966,15.93570531164818,12.14901006932501,68.83662385417256,309.2598862964047,0.3252248725550399,1.52226684147492,0.11636179287424,3.6797780845789,0.2039264568572399,16.27306817742785,6.97592621760362,48642932.678717546,1674073.3358609108,1979448.010176268,43168327.25758864,13385402.386336476,194245009.59215057,1263349.217252974,207669.0135733469,0.0,13133484.334578902,6929552.2235037815,2086106.318225721,1382965.0324634672,685.5612586476233,4834683.565328855,0.0,17703465.527539954,15288706.120272828,49847213.297210224,0.0,74.32677651157726,0,11093725.783271054,0,0.0,805.8809851723336,0,59529.50946938922,0,0,0,68557238.63220327,222.1338443183051,0,0,0,0,0,73.26190774293941,6.274767818181818,3.8190918181818185,1.0148834545454546,0.521983909090909,2.238355363636364,19.416692909090905,0.0251682727272725,0.090039909090909,0.012613636363636,0.243465475960606,0.0184711818181814,0.9142940909090904,0.387126909090909,0,3.3858692711418854,0,9.983285230925858,0,-0.964724947661864,0,10.076165038838383,0,26.52637556494858,1,243.45591494441032,0,0.01700652214259435,0,0.03696663128317823,0,0.008649860386526598,0,2.3182768730928274,0,-0.00791991904770839,0,8.214456929964427,0,-0.022721118401973328
1701358808.821,120.11469288078278,72.9633899546209,15.91539830847417,12.09141857804408,69.28089608108851,309.1970406218198,0.324517481203,1.51518334760426,0.11504875475112,3.69338138019422,0.2009216001002,16.19762471262306,6.9639522930877895,47047933.80818764,1685398.2613766836,1998891.8854459056,43314056.33342414,13590474.316371806,196194395.697049,1251091.156462585,204222.7692746798,0.0,11011539.766778585,13545663.445708968,1651760.0402327753,2063283.309882986,663.0692855601123,4881071.021122269,0.0,17762127.522019435,15524225.518406449,24743391.77205989,0.0,73.067180420279,0,9301287.122278782,0,0.0,633728.4627851889,0,59345.00920340436,0,0,0,67589024.52193634,219.97851772287865,0,0,0,0,0,72.95135982332093,5.1024933636363645,3.1191808181818184,1.020968818181818,0.5234534545454546,2.3319550909090907,19.643016181818183,0.0251385114696965,0.1007391818181815,0.011657943181818,0.273534636363636,0.014473636363636,1.0444541818181816,0.446765,0,12.637863130852914,0,22.563106148204824,0,-1.1057213457222588,0,9.99960637089498,0,24.290496231447335,1,243.45591494441032,0,0.017144863268015342,0,0.0020813167562891977,0,0.013106654176738175,0,1.4043340866449796,0,0.0017922082658969885,0,2.4309982921859614,0,-0.10068962652866587
1701358813.821,119.84951405924004,72.69580466284877,16.02000571865949,12.14736077455045,69.67521630665776,309.36775349088185,0.32304260420377,1.523203752811,0.1156947307238199,3.64220484448876,0.13548887302284,16.12923077671829,6.99339365102399,46637879.77245572,1706502.7156844635,1980632.8066626573,52778234.68879669,16869898.11341673,194091107.60732383,1244559.4584966155,411700.1349284879,0.0,13508387.70685579,13858118.336262448,2070998.7922923013,2101756.888638961,511.29696667082754,6183499.575096989,0.0,18037582.95988935,18538072.617749777,24905876.68050704,0.0,73.6889448592246,0,11409021.276595743,0,0.0,645677.0729406644,0,59476.37169776465,0,0,0,68503316.78586455,0.0,0,0,0,0,0,148.6023182832369,5.091901636363636,3.870723727272727,1.0317285454545448,0.526936,3.028654454545454,16.559129545454546,0.0251874579030299,0.0887445454545449,0.012672636363636,0.237372818181818,0.0124613636363635,0.9022129999999996,0.384660636363636,0,12.730072076270048,0,9.182837416356776,0,-1.344419194885063,0,9.819095150145898,0,10.49165230340256,1,243.45591494441032,0,0.016917414521174123,0,0.04224268951247723,0,0.008378739217619113,0,2.513882522503195,0,0.00749953780712076,0,8.834444302687047,0,-0.02514214697754158
1701358818.821,119.87000273415715,72.68203753558583,16.10227022179506,12.15951169714015,70.07922069612157,309.5405777014257,0.3220214764022,1.54977219901943,0.11482963131543,3.76967872355606,0.1344157952798499,16.18850371911852,7.03961064551839,47048704.40523087,1656191.796028719,1653746.7220398616,51604961.73680984,13807139.449403644,203018089.1377696,1247648.5777039696,415624.6232068276,0.0,10877173.415147517,13689951.27950086,1639332.5151628335,2798657.060414133,515.7483855881135,5996040.608046409,0.0,17636848.065202493,15769415.647738354,24056628.733946897,0.0,74.37806428182313,0,9187177.053975957,0,0.0,1287679.581873945,0,59330.43275858981,0,0,0,63547338.78458431,0.0,0,0,0,0,0,74.33352086093315,6.33233009090909,3.12019109090909,1.0304291818181817,0.533782727272727,3.061320727272727,16.43586390909091,0.0250949090909089,0.088016818181818,0.012555727272727,0.2053672727272725,0.011517207651515,0.748723818181818,0.3896183636363635,0,3.049136659936565,0,22.543600427757298,0,-1.3163131531945282,0,9.46797248031109,0,9.979260046142983,1,243.45591494441032,0,0.017347759811059404,0,0.04530645626147134,0,0.008916420533296332,0,3.5987046279678623,0,0.010366307442325251,0,17.85888065285559,0,-0.022721118401973328
1701358823.821,119.66220727958304,73.1830020332209,16.0921084493965,12.14049564516714,69.55832039790153,309.4050885335671,0.32077806651694,1.53010993076978,0.11573437690187,3.7734593947171295,0.13160816153733,16.019997485070363,6.8966535560595,39329772.93474535,1698881.7835142268,1993003.36810676,51821750.04526853,16624530.051371416,234348080.16646588,1245313.6562934448,615619.4848984863,0.0,8703324.706804978,13933471.94816669,2038972.8423148007,2757264.860811028,517.2743509715131,6141972.425931357,0.0,13284149.929381087,15294514.113525383,24856886.94191947,0.0,73.46294569194347,0,7351935.265390512,0,0.0,1270569.6480545686,0,59100.02933411556,0,0,0,64331383.87225934,0.0,0,0,0,0,0,73.1389389854115,5.137710181818182,2.4387465454545456,1.0394084545454545,0.651663,3.643514636363636,16.65318281818182,0.0252150909090905,0.0863522727272725,0.013531700233333,0.2063890909090905,0.0104361818181815,0.855382,0.4400643636363635,0,12.330783066979222,0,35.61510931762693,0,-1.5064933426146467,0,4.226748908418415,0,2.8505915265893975,1,243.45591494441032,0,0.016789139898264693,0,0.05258392250163979,0,0.004484099775595496,0,3.562589018893533,0,0.013796812854479867,0,11.365810130479105,0,-0.08057618035332026
1701358828.821,120.0985038761236,73.84659849749886,16.02326468245191,12.07692429394916,69.65148030802875,309.3489443380582,0.31846420380078,1.5142441656233498,0.11523214234311,3.81346746288966,0.13446130560057,15.81425685076076,6.87692018444092,47508094.52365816,1641229.2026418387,1685970.6424725235,43233047.60178371,13519599.599015769,207467420.9503432,1271835.7361293142,622801.879774282,0.0,10920808.63788565,6815971.186745903,2109383.991336747,2770546.8637864213,446.389973662701,7150882.594840938,0.0,13298226.87887467,12447315.847990524,24281388.891860567,0.0,74.3200333859525,0,9224306.122083548,0,0.0,1276656.236543706,0,59282.00380965945,0,0,0,66029605.531147376,0.0,0,0,0,0,0,73.48930673173531,6.35698009090909,3.167268545454545,1.181671636363636,0.7617522727272725,3.019601454545455,19.274974636363638,0.0270472727272725,0.0870673636363635,0.013531700233333,0.2031122727272725,0.011476289321212,0.7194854545454544,0.3792929999999995,0,2.90984993884787,0,21.636267318987592,0,-3.2443880214253227,0,0.7613357622468016,0,10.63586434704095,1,243.45591494441032,0,0.008514625717509716,0,0.04941152382417613,0,0.004484099775595496,0,3.6787505743557745,0,0.010493277596651751,0,19.80635849592494,0,-0.025570281161229502
1701358833.821,119.79796078787076,73.70260546207612,16.007426386655908,12.05167752764965,70.12727860007882,309.85150850967887,0.31499362902781,1.53389572081199,0.11653507900928,3.7341029659214895,0.1411340557720199,15.934189996182422,6.9092694965646,48421348.63659082,1708623.2018046668,1671894.7676118093,42478355.51835295,16480521.433943344,223855847.3056593,1284296.2336635848,632214.2725564602,0.0,13524351.102975164,6796266.542170188,1681467.9779672418,3498170.083936114,454.95103574668167,6192320.106504936,0.0,17420164.20595202,15169267.48558536,24567650.015334383,0.0,0.0,0,11422539.080268484,0,0.0,1934426.4244665613,0,59301.94889242261,0,0,0,57787953.16700042,0.0,0,0,0,0,0,74.25536157792642,7.527426999999999,3.853365090909091,1.0276500909090904,0.6436389999999994,3.0503994545454542,18.34996418181818,0.0271002727272725,0.0869252727272725,0.012525909090909,0.169278545454545,0.010415909090909,0.879514,0.378847636363636,0,-0.2990558240863095,0,9.449220979941643,0,-1.2555381165971653,0,4.534238717767096,0,10.149176522482264,1,243.45591494441032,0,0.008282019536181906,0,0.05003637153544105,0,0.009053856783054925,0,4.9364045177907485,0,0.013862657686445345,0,10.036189005671673,0,-0.03143564120307751
1701358838.821,120.31706305461071,73.50225851656197,16.09514624792782,12.0859690572119,70.71732171471736,309.81929485771883,0.31668050667006,1.53340120031519,0.1169129570601599,3.7866198537622,0.13777525327743,16.12895056051579,6.962400109566399,39033156.52641003,1641338.6636207884,2015407.0362866088,43680489.92747784,16658069.17899435,229364056.8044781,1274115.63870639,628935.5494878044,0.0,10987483.485214137,6959215.989115046,2085794.7371280584,3464685.993461939,440.0358102059087,7171655.054254713,0.0,17913061.314189438,15324654.069035023,24511639.44635433,0.0,0.0,0,9281173.360227644,0,0.0,1916601.9326795272,0,59358.08109651628,0,0,0,63676179.05289872,74.54456112253628,0,0,0,0,0,73.57114631605417,6.373928818181819,3.893262,0.8659892727272724,0.6484222727272725,3.0445622727272728,18.32679427272727,0.0250079090909089,0.099325,0.011576862712121,0.164984909090909,0.0103914545454545,0.728295636363636,0.3842431818181815,0,2.8158136845787567,0,8.841189024835728,0,3.8105219328999738,0,4.350053495277564,0,10.240566009948509,1,243.45591494441032,0,0.017753367228181105,0,0.005802721859708981,0,0.013490410088536464,0,5.103562335802394,0,0.013942158089548684,0,19.212254409736744,0,-0.026427240679079422
1701358843.821,120.485569440029,73.54227019340168,16.157539383400348,12.15418117940263,70.83807916270732,309.34934505890544,0.32112058633905,1.51287582041766,0.1167336201373,3.85415554670242,0.13414966847276,16.1077225284347,6.99656630570054,47246797.68786128,71228.99398667316,1986418.2878672609,42765650.51816258,19870759.01389512,208449714.034831,1879430.06554676,626783.6716874045,0.0,13250695.737206187,6951802.369363579,1706974.9847917857,3582830.246856252,295.95375722543355,7259588.06002492,0.0,17536408.50575537,18287657.76781712,49822702.76598859,0.0,2533.3624390598848,0,11192311.47006628,0,0.0,1981923.212660438,0,59468.44357765859,0,0,0,65143888.7750622,73.35506286041763,0,0,0,0,0,76.0815052844698,7.583801636363637,4.631492818181818,0.8710637272727271,0.773547818181818,3.04276,21.240375909090908,0.0270172727272725,0.0886721818181815,0.0124843636363635,0.1663364545454544,0.0124422727272725,0.734961,0.387761818181818,0,-0.3156768330805306,0,0.7528950882449124,0,3.606662356482616,0,0.4747116603520567,0,10.268866350450722,1,243.45591494441032,0,0.008646457546035435,0,0.04254411675844949,0,0.009245538651725838,0,5.050761755367091,0,0.007556307083234515,0,18.76693990520579,0,-0.023123721317288126
1701358848.821,120.25073164472852,73.05568459256577,16.14635662517698,12.13902049300229,71.0560259155717,309.4527973107043,0.31829812932011,1.5218933106286798,0.11649766264887,3.78546825303528,0.13796030619523,16.42416218308846,7.09751259610871,48283073.60570089,1738568.0745229267,2349339.265687338,51685713.48081265,23989864.72835709,196319367.94287065,1919021.614307135,419237.9981059226,146.5002324832791,13435478.867806695,6923064.879003495,2075805.243445693,4176950.077608924,302.4719847877859,7270038.81703898,0.0,17662765.652370203,22049389.022458296,49488563.73448658,0.0,2536.315291032272,0,11347642.1211175,0,0.0,2567411.182904379,0,59345.13882608303,0,0,0,54003817.055221416,74.90034012361481,0,0,0,0,0,73.92701151499838,7.543320727272727,5.352916818181818,0.8644346363636359,0.8919842727272725,3.0769342727272724,19.19310836363636,0.024947636363636,0.1011400909090905,0.0104021818181815,0.164615636363636,0.0114995631969695,0.7562330909090904,0.3974733636363635,0,-0.30455229663292016,0,-1.3090896745551248,0,3.873544138387331,0,-1.4734523055779505,0,9.738761121955292,1,243.45591494441032,0,0.018034969205814377,0,0.0010756335325368127,0,0.019149313229888776,0,5.118018073940988,0,0.010421031485634558,0,17.369984897769086,0,-0.025852408792590653
1701358853.821,120.33737834671508,73.13987661079805,16.04447222804479,12.14640228149391,71.02631429782028,309.51863738334583,0.32217890851424,1.52642117958126,0.11725295210418,3.81787286232664,0.14075051602193,16.59275129582576,7.130848370140471,47720941.31386861,1731178.8575440615,1984346.946151066,52322710.29780077,19999303.60781061,210548317.5152236,1912900.1658737536,414049.931649759,26205570.33549147,13143062.441618163,6829006.928406466,2505770.7441016333,3459272.2771389103,448.4671532846715,7238107.692584658,0.0,13411047.256905723,18411875.5927375,49067653.65906388,0.0,2504.92841211598,0,11101169.504922036,0,0.0,2552495.577761432,0,59433.92082380687,0,0,0,65946752.172493055,74.66141703578134,0,0,0,0,0,73.48271469833695,7.547120454545454,4.640281090909091,1.0150274545454545,0.89157,3.787809545454545,17.315278090909086,0.0229200909090905,0.086755818181818,0.0115401454424239,0.1276568181818179,0.010374,0.9171800909090904,0.460206909090909,0,-0.3057700105869827,0,0.6955233593676269,0,-0.9681114511809596,0,-1.4696107701792585,0,1.6041258686806543,1,243.45591494441032,0,0.027793843686993114,0,0.050785137631407906,0,0.01366448592807501,0,6.627780763548685,0,0.013998949039262243,0,8.068385451458909,0,-0.13455331523927772
1701358858.821,120.3239962580714,73.74917890429111,16.07578691881257,12.14048869231333,70.66088991314669,309.3430100696079,0.31528479480631,1.52319330426374,0.11885705271804,3.8194875656582297,0.13674860582439,16.72888769420518,7.160721718755609,39534141.4786331,1722291.854717387,1965450.071530758,52575943.56261022,16687932.814126262,199739139.0349128,1887345.106643168,419979.93103574094,26596931.899641573,13395079.704972636,6893308.321343362,2539152.050659009,3475420.785119498,371.47210331567874,7204385.414427968,0.0,13477173.427395647,15354671.06915982,49369771.235906176,0.0,2540.8038532411374,0,11314732.40725489,0,0.0,2564411.088280884,0,59493.08689734222,0,0,0,57767291.44763079,73.6611157069381,0,0,0,0,0,73.82574528675967,7.551236999999999,4.698508909090909,1.0146931818181817,0.8922535454545449,4.518608818181818,20.237296727272728,0.022863545454545,0.086191636363636,0.0103913636363634,0.1639911818181815,0.0095879966,0.9216603636363636,0.4639500909090905,0,-0.30704780351453564,0,0.3382762244335282,0,-0.9602470144417907,0,-1.4759374075216556,0,-2.659288503147536,1,243.45591494441032,0,0.028073970996331354,0,0.05330607979033175,0,0.01920229037500576,0,5.142490992960319,0,0.016599154105961134,0,7.843181487241566,0,-0.14085904112414982
1701358863.821,119.92833200522306,73.67304264342297,16.03181309858131,12.19158545563151,70.57253742699665,309.451113457917,0.32231589123867,1.52927976541725,0.1191064628201299,3.76967675091862,0.13738973486434,16.79112005996943,7.205836768949769,47419291.19892639,1736104.3798386657,2004603.5231044164,44522573.487139285,20220000.584026866,203119218.8903376,1921591.3576856167,419178.6689979237,25915753.20139697,15827589.800690347,6887538.077993923,2985455.656125452,2818796.127853881,371.4114724071018,7258345.875516574,0.0,13692707.656699143,15498447.072565338,49317548.89178618,0.0,2536.407678577933,0,13369351.297182944,0,0.0,1950219.6894977167,0,59503.72656235901,0,0,0,61083337.53154668,74.99771125148769,0,0,0,0,0,74.81278538812785,7.519363727272727,5.37297109090909,1.012840545454545,0.8935536363636359,4.476701090909091,17.29817818181818,0.0229172727272725,0.086181818181818,0.0115170396090905,0.1272770909090905,0.010372545454545,0.9319082727272724,0.4680439999999994,0,-0.29601420321556304,0,-1.305318793857282,0,-0.9164224369262683,0,-1.4878127902124447,0,-2.4850389225582035,1,243.45591494441032,0,0.02780779460795202,0,0.0533503398600601,0,0.013774124024621415,0,6.643936253236575,0,0.014003684237366087,0,7.335237264855067,0,-0.1430714675625746
1701358868.821,120.01970171421225,73.46020427378237,15.9983845562543,12.14746773101721,70.39334986113113,309.45575425251025,0.31754223007431,1.52459086917709,0.11867830539371,3.8316246411227097,0.13942263733913,16.79025922990844,7.15350139371562,39957702.552068055,1741877.427052826,1695782.2648865348,42717230.94555874,19958249.02611456,189500752.4652884,2547765.117295644,211101.7106629502,25462780.998677485,13061521.496929009,6746477.487433603,2519754.1870746426,2792942.948161019,375.4766793781167,6061434.284267997,0.0,13136761.031518629,15291521.56975905,48919878.86408132,0.0,2611.721411524658,0,11034291.101271246,0,0.0,1932269.9102229944,0,59388.07535162889,0,0,0,48821438.90216082,74.60294331924814,0,0,0,0,0,0.0,7.52515109090909,4.612853090909091,1.0090611818181814,0.8875731818181815,4.476379272727272,17.47788727272727,0.0229224545454545,0.0862334545454544,0.010396545454545,0.1294980909090905,0.010352636363636,0.9137090909090904,0.459950818181818,0,-0.29821474091019695,0,0.8775962996475215,0,-0.8257808067510837,0,-1.4314736469055447,0,-2.483670697977999,1,243.45591494441032,0,0.027782143444312624,0,0.053117768086963224,0,0.019176912652710598,0,6.54962814884874,0,0.014068517326279562,0,8.244159903241808,0,-0.13754462669235668
1701358873.821,119.91460546039724,73.1253689419109,15.960557536954887,12.226014576973393,70.69124945941144,309.0016370890392,0.31975396842658,1.50290886226449,0.1195138751149499,3.73240507144297,0.13692404549895,16.55214753202608,7.14756915429214,40311301.24671674,1754958.560005842,2031728.011825573,52006517.22634104,22912461.302408565,157871256.90632918,2535269.062766208,211880.1536491677,25690049.369804725,15605925.61151869,6977690.761941633,2511823.1026479783,2107297.0428397465,303.0594502608117,6125231.589324182,0.0,13329342.055531329,18035042.426405,24834348.0242884,0.0,2622.2791293213827,0,13182452.07559597,0,0.0,1297388.029589778,0,59445.76289751361,0,0,0,57739177.62258164,74.23921120838091,0,0,0,0,0,74.44700921499846,7.516904636363636,5.346224636363637,1.006635,0.9003629999999995,4.470086727272728,20.45128663636364,0.0228681818181815,0.098575727272727,0.009608833860606,0.160382545454545,0.0134188597454545,1.068501818181818,0.4569831818181815,0,-0.2950521789589118,0,-1.309828960851874,0,-0.766712427127743,0,-1.546631432717902,0,-2.4568294056252284,1,243.45591494441032,0,0.028050978349313027,0,0.00788426447695656,0,0.0230760493960247,0,5.2846189477188545,0,0.004715480869833755,0,1.5478687073407684,0,-0.12668953801268706
1701358878.821,119.94782148257715,73.05436632574181,15.98313343096835,12.23320883702079,71.6762587930938,309.28258313432286,0.3154843042699,1.50978767514599,0.1198209762385099,3.73636870669106,0.13885321022117,16.842904623228648,7.24119972136166,47751358.90130761,1724011.5758632468,1982754.899833659,52725992.59436656,23547547.25427958,159919863.53573114,1939059.4017330888,212016.5609010865,26614818.20219681,15766765.489587376,6772795.075513563,2497450.401901548,2121696.614177559,299.2183505004017,7234943.864253231,0.0,18016952.04760238,18514704.58506871,49427539.36050521,0.0,2591.889497568295,0,13319020.049152764,0,0.0,1304839.2880057197,0,59562.92128772492,0,0,0,57057671.74606032,75.67947083495002,0,0,0,0,0,75.08569962053859,8.719200727272726,5.333208000000001,1.0029152727272723,0.901217545454545,3.873084272727272,20.268119818181813,0.0207626363636359,0.100519818181818,0.0103763636363635,0.1266911818181815,0.0134188597454545,0.935580818181818,0.466703636363636,0,-0.020038154103147576,0,-1.3105040435801811,0,-0.6748243312734985,0,-1.5536114192406671,0,0.9456673536663232,1,243.45591494441032,0,0.03878798901547498,0,0.002640802932717179,0,0.019275771093703042,0,6.668889542362024,0,0.004715480869833755,0,7.155643372261721,0,-0.139102863572987
1701358883.821,119.85673127851364,72.77659381644803,15.94710633755595,12.20288274381557,71.99807809801968,309.5438084112665,0.31146905548156,1.5394277774782,0.1191484961223,3.7327137062989,0.13519597237997,17.03527936842866,7.26086938420421,40419457.43852232,1760153.1547988749,1992883.379546567,61001992.76500895,23368395.874783244,156944157.84648108,1914645.162467388,210781.8459602768,26370970.958964963,15815680.56945835,6823712.838264193,2483941.9286190914,2076176.577158335,379.8078706279441,6130531.730663842,0.0,17868345.379471626,18355702.327279367,49945978.36212271,0.0,2576.7951828884698,0,13360176.176176175,0,0.0,1276946.3129383489,0,59709.32739030361,0,0,0,56247707.48523856,74.72952509532757,0,0,0,0,0,73.47216990439291,7.522658630595252,4.593680957056108,1.0130300716337586,0.9052024471837384,4.541806752481728,17.42246163775863,0.0208845132904255,0.099399476382677,0.009607560261445,0.1599324570015635,0.0146217410275985,0.9071607396094684,0.4650651794480199,0,-0.2972779480374328,0,1.0101651306993347,0,-0.9209245208743368,0,-1.5849813310185255,0,-2.7523748507458663,1,243.45591494441032,0,0.038150159431950215,0,0.0055999785157041515,0,0.023082423392111195,0,5.302429049958192,0,0.0013937992166574986,0,8.578871319853818,0,-0.13832949116000964
1701358888.821,119.79969709200856,73.09585179919873,15.92313937404444,12.13636550009174,71.69055784052689,309.29486023853264,0.31813957969101,1.53323114010618,0.11888392656425,3.7730070501485296,0.13162096880491,16.84984813405109,7.21236063005236,47059886.05567651,1713068.1036622117,1976424.066912492,52522461.51587448,20260186.020893384,144233294.038507,1249026.4387911658,211047.38594438945,25419622.972755983,12941598.528787663,6929096.660808436,2901045.656389901,2139112.303224256,368.5375465620557,7138630.836317227,0.0,13461024.04110846,15514144.270842897,49520098.61280295,0.0,2580.041392963196,0,10933869.005517049,0,0.0,1314896.3909802255,0,59609.60045378807,0,0,0,65956173.41110849,73.07239447675457,0,0,0,0,0,75.76906713035758,6.328791636363635,4.667715181818182,1.1582822727272726,0.8958372727272724,4.510208636363636,19.438687181818175,0.018731727272727,0.0849191818181815,0.0083210909090905,0.1603290909090904,0.0145287272727269,0.9146529999999996,0.534628,0,3.0693755101087703,0,0.5222775818519807,0,-3.1245774462159375,0,-1.5081711600019503,0,-2.624983613312935,1,243.45591494441032,0,0.049711895987115895,0,0.059150080501410685,0,0.02962981421120503,0,5.286733088382107,0,0.0016436650116702367,0,8.196246784537976,0,-0.07855386494449523
1701358893.821,119.6530359801533,73.69407905858696,15.93300923441054,12.18350138577881,71.81360678769457,309.2548477356474,0.31891108946227,1.51963244145955,0.1193725907338,3.65540822338026,0.13500086564791,16.74237648325968,7.20927418864004,55443248.15528334,1766659.7203180697,1638924.8291571753,61279413.82474946,20120795.124718625,166699562.82703218,1274364.1495347526,210581.23832782643,26288253.00293374,13521629.153269025,13373054.67714866,2918973.894629231,1430267.1689150322,372.21475046345097,6142989.196599945,0.0,8975534.231489299,15393787.895979356,50182867.41838013,588403.2995247374,2574.342766843844,0,11423445.319141071,0,0.0,1318995.4537863466,0,59599.96344027054,0,0,0,65497663.20288893,0.0,0,0,0,0,0,76.00526989664323,7.50873418181818,4.627669,1.168365,0.7762346363636361,4.50840909090909,19.19128027272728,0.0191286892575755,0.0846331818181815,0.009564050554545,0.1948734545454545,0.014487818181818,1.073263727272727,0.5311301818181815,0,-0.29173887030172807,0,0.7781412093413707,0,-3.1842705628941985,0,0.41174788353851,0,-2.6175937423620326,1,243.45591494441032,0,0.047532897314795264,0,0.06049379920455067,0,0.023300229948745255,0,3.97522972642048,0,0.001753931413702503,0,1.380038462229919,0,-0.08064823693901768
1701358898.821,120.0504387142127,73.37753586459452,15.903709401958247,12.14306832661473,72.12691375084862,309.5748193775647,0.31446456917024,1.53922417545992,0.12136337449301,3.6200996775729695,0.13477282225579,16.94326390558099,7.26728856581181,47743439.08851885,3494364.785832711,1997457.8677246752,53658175.98200057,20145936.27208189,169769509.2421106,1268652.8525588731,213387.54764930115,25682639.891843174,13405309.200161211,13612821.176809091,2872844.877838149,1380730.086676794,373.94098743792,6126127.061052709,0.0,9168942.270554043,15391050.795223158,24731290.11874932,585800.5474882617,75.42861352043165,0,11325268.163998095,0,0.0,1273562.827271915,0,59626.2138575619,0,0,0,70026323.85517667,0.0,0,0,0,0,0,73.20167992136538,7.517167363636364,4.592893,1.006198181818181,0.6521139090909089,3.823245909090909,16.288146272727275,0.018665,0.08306,0.008291636363636,0.1629923636363635,0.012485545454545,1.072463727272727,0.5355652727272725,0,-0.29515573891349334,0,1.015705702824775,0,-0.7560059581898599,0,4.20968741936764,0,1.3238878548725097,1,243.45591494441032,0,0.050080265666338164,0,0.06808301237049363,0,0.02978232115060564,0,5.181710603098452,0,0.007427698469712141,0,1.408070709025111,0,-0.08064537817575013
1701358903.821,120.38881257098252,73.37054300620579,15.90500867890242,12.15147173671253,71.73044069354074,309.4067710286484,0.31705995883323,1.52456590608165,0.12837310093274,3.71946485423456,0.13164822456727,16.65321044648384,7.201247682673741,39538115.27785337,1828867.336665019,1986965.65509722,43488026.25581183,16758060.857991943,212266674.41269383,1945043.6330595063,210175.1038398056,25854466.9545966,13324511.681264456,13749055.705904791,2904745.54790779,704911.0569046492,297.24777300023584,6156259.432148937,0.0,8916501.704804448,12313166.40230451,24727698.195417743,1198030.8194410964,74.2930731141059,0,11257007.629695725,0,0.0,650256.9629009358,0,59835.0266351804,0,0,0,70016153.37133728,0.0,0,0,0,0,0,74.56220191502531,6.327416181818181,3.873664727272727,1.166536909090909,0.649497545454545,4.485918636363636,16.28441,0.020748818181818,0.0686812727272725,0.0115244334757575,0.196326909090909,0.011539557293939,1.070471909090909,0.538590818181818,0,3.0772573157825036,0,9.137985087858738,0,-3.1743522680139336,0,4.309008101104439,0,-2.5240282218427694,1,243.45591494441032,0,0.03886043592473243,1,0.15297334670503915,0,0.013739032914315885,0,3.9224675665219593,0,0.010297054465013389,0,1.4781522085812924,0,-0.08524704720862364
1701358908.821,119.99250982663116,72.9505270530685,16.01002965582105,12.168764713539309,71.72219449581108,309.651103963756,0.31863241097922,1.52030250539568,0.12888981584321,3.65412947560452,0.13359001110888,16.67554044697068,7.25423522708505,31168327.1492404,3626881.707678625,1977956.6294695337,43727437.675313964,19818616.100023523,214983464.8471175,1945600.0,208409.7841726619,0.0,13616327.332973434,13785686.94797035,2523499.437134368,710138.6916230848,146.41644325290437,7473864.215831605,0.0,8965392.684939042,15123116.507138075,24982527.19235496,1198490.2077151337,73.66906474820145,0,11502715.389340827,0,0.0,654969.1531333152,0,59654.90661132524,0,0,0,71316259.21238467,0.0,0,0,0,0,0,75.1628589778879,7.495476818181817,3.836928,1.0095275454545454,0.6523365454545454,3.787620818181818,18.136267,0.0248152727272725,0.0808594545454545,0.0103851818181814,0.197364636363636,0.0124559999999999,1.0619151818181816,0.537615818181818,0,-0.2859753749624332,0,9.70402726287439,0,-0.8370556111723886,0,4.201272366691683,0,1.605645139144542,1,243.45591494441032,0,0.018655104242327525,0,0.07926093223170483,0,0.019232571390887188,0,3.884916877981624,0,0.007515482393557704,0,1.783860805968402,0,-0.08175024207678838
1701358913.821,120.07287257778798,72.89953582485958,15.95575221081505,12.16446641356799,72.04478575658393,309.61026293983923,0.32331734431197,1.50980520553984,0.12879955117659,3.65150512838955,0.13106126884959,16.41706957120302,7.17573603948616,38998809.78367836,3565642.7700871336,2026670.6200659724,42311284.70053932,20038904.976879355,237000289.5810026,1915225.676884596,212842.73171448515,0.0,10972407.10637992,21112819.471560583,2095893.681853225,1437875.6297521892,146.57624935139293,6119896.23997235,0.0,8675587.851263128,15320041.671997515,24577552.13107655,1179825.6805360306,75.23603100547372,0,9271018.916780554,0,0.0,663541.1871874478,0,59607.4436541575,0,0,0,70841849.21866542,0.0,0,0,0,0,0,76.1465672696176,7.518181818181818,3.0673687272727275,1.0114742727272723,0.6476574545454545,3.792353272727273,15.363854545454544,0.0227931818181815,0.0812771818181815,0.0115046044696964,0.19574,0.0115122504,1.037743636363636,0.5292510909090905,0,-0.29555377185656084,0,23.565165975542385,0,-0.8838466501921403,0,4.379329674344092,0,1.5676514552346532,1,243.45591494441032,0,0.028423150925618756,0,0.0770885954762548,0,0.013833157653607486,0,3.94374949045735,0,0.010381678256237592,0,2.687981866984046,0,-0.08449505479057118
1701358918.821,120.13603550628972,72.76893628711163,15.932215744250138,12.095134656880049,72.14493624944305,309.57151861922347,0.31656917023158,1.4947093432683098,0.1293876847831999,3.64192926053109,0.1377290355038,16.67981693350515,7.20895791697013,39968634.90666373,3563474.57411414,2012353.118675253,42177716.024053775,16296351.073496662,222231412.47995228,1893589.501994549,211622.1783914092,0.0,10970631.66789522,13601080.925686358,1617909.51616035,1408540.7137654768,150.21821249128982,7337918.877152156,0.0,8648978.563848604,14977530.298440982,25400669.27753534,1166451.7246981105,74.80458762510044,0,9269518.77887848,0,0.0,650124.3991260013,0,59500.46361107576,0,0,0,76122871.35877065,0.0,0,0,0,0,0,74.58120903131827,8.682863727272727,3.0583713636363634,1.160006727272727,0.7646053636363636,3.781875545454545,18.06451736363636,0.022708,0.068433909090909,0.010377909090909,0.1964,0.014418727272727,0.9149759999999996,0.465265545454545,0,-0.02614834262500665,0,23.739448126705184,0,-3.1356507904432647,0,0.6904858152695965,0,1.652003365816796,1,243.45591494441032,0,0.028846757497490216,1,0.1546785334970764,0,0.01926820080922198,0,3.91981949577729,0,0.001940670610053985,0,8.179870472113606,0,-0.13822920418318535
1701358923.821,119.4040577277362,72.90061527681722,15.905578417305213,12.1063642471215,72.23647500314536,309.52906537011006,0.32275622672508,1.4982017320743,0.12967423651483,3.6424610535132698,0.13170555851797,16.52404127420816,7.18449817193766,39678079.95339693,3572911.294725731,1977532.4562671685,35547226.8882513,16429863.656787504,244590082.08237812,1914906.1701350857,210676.12757673344,0.0,11353219.990693344,13918943.826422725,1663161.3393665156,1429863.6993770911,149.1298332483798,7351643.868525461,0.0,9110955.770019004,15079940.904761048,25179435.33239666,1179674.917853231,0.0,0,9592073.410888784,0,0.0,659966.2113454465,0,59189.45874130965,0,0,0,74424650.15159358,0.0,0,0,0,0,0,75.71024565165155,8.687044636363636,3.0967540909090907,1.0027414545454545,0.7667071818181815,3.099259363636364,18.12552018181818,0.0227884545454545,0.078730909090909,0.012447909090909,0.1994630909090905,0.0133262683696965,1.0575672727272725,0.531426,0,-0.02540262538646232,0,22.9964831349007,0,-0.6704913710079268,0,0.6389123363892963,0,9.399830130713497,1,243.45591494441032,0,0.02844663474184017,0,0.09069692070647761,0,0.00941392017881526,0,3.8092899783522114,0,0.004979283263367051,0,1.9420845056403095,0,-0.0814501275989542
1701358928.821,119.56857200079604,72.90245568658328,15.8215771227982,11.979423130820049,71.62026537883858,309.6725213528317,0.31778655236783,1.49848552713547,0.1289228224099499,3.69047304365024,0.13516749816712,16.67438545451257,7.12135082073274,47312271.81444829,5382679.972899233,1962208.536081734,34365704.85779643,16544471.942237742,244651382.66915,1901128.368704352,212162.26318296744,0.0,10969863.131958058,13536143.62605726,2072901.498154448,1429942.9923472218,74.10489750872941,7400716.192708429,0.0,8808107.927015977,15183907.059228024,25116297.04759621,1171187.1250702285,0.0,0,9268138.34283556,0,0.0,660002.8097157012,0,59177.52833678197,0,0,0,74896742.65587252,0.0,0,0,0,0,0,0.0,7.491719636363636,3.072042727272727,0.9989327272727272,0.7561040909090905,3.751336363636364,14.964049909090908,0.0207544545454545,0.0663713636363635,0.011504772512121,0.204225727272727,0.012366909090909,0.9217152727272724,0.4633204545454545,0,-0.2842536680862793,0,23.474657383296872,0,-0.5746588720178352,0,0.9044529973269277,0,1.9028275543655297,1,243.45591494441032,0,0.03883088376642263,1,0.16921906026846045,0,0.013832361675667926,0,3.6391666472193833,0,0.00778089977319496,0,7.840433925570835,0,-0.13907543710256604
1701358933.821,119.4411544110996,72.3395263241323,15.753524565839893,11.976915392598949,71.00886488125681,309.6384793896441,0.31812490191091,1.51454172104105,0.1289017856502499,3.70491793068259,0.13592191561396,16.63657703274089,7.15500091303945,39437142.45400771,5357375.457775349,2034062.8463054555,34142201.98983608,13439130.14249178,242888830.7781313,1905445.0337862384,0.0,0.0,11106625.168555709,13778837.234700931,2143177.399438728,2144939.802236392,74.09417340496735,6142096.966384258,0.0,4376058.979314294,12356840.336134454,3036.158518947064,1173846.3997674924,0.0,0,9382480.702649515,0,0.0,659917.4198318085,0,59255.24278035893,0,0,0,74705190.7196606,0.0,0,0,0,0,0,0.0,7.500283,3.0704520909090904,0.838097909090909,0.7555271818181815,3.748267272727273,14.99109,0.0207792727272725,0.0538332727272725,0.012472727272727,0.242175727272727,0.0133614732575755,0.9129175454545456,0.3922943636363635,0,-0.2881206355711612,0,23.505458808758902,0,4.981444340424105,0,0.9192849535756977,0,1.9284503693237127,1,243.45591494441032,0,0.0387008115729941,1,0.2699872199953006,0,0.009299266094274117,0,2.359392464401566,0,0.0048788438392080025,0,8.284404450896773,0,-0.028439524529350724
1701358938.821,119.43203996127916,72.1762785907708,15.853509200942408,11.99354694931278,71.20485109709507,309.36747662237696,0.32659318944327,1.51477729521817,0.1286953286518899,3.70676741953081,0.14006445846098,16.49438349391938,7.0718305226063,46883721.7840241,5447658.728392314,1971719.799291405,34688809.832012214,13041995.842586836,252145601.31952715,1882174.3545580136,76.4792650820621,0.0,8876156.392071284,13641768.967381507,2470001.371296597,2810303.464060598,0.0,7500216.930039321,0.0,8891322.5219984,14943250.102158658,3002.657381105104,1159419.9903116422,0.0,0,7499650.118203309,0,0.0,1296261.8662694592,0,59028.71132873359,0,0,0,81629148.04317786,73.48798823043938,0,0,0,0,0,74.40373471871537,8.718283937597732,3.790628022837194,0.8325462744099785,0.7524240881486595,3.0518143387032257,17.92848149023601,0.020718480672024,0.0534907633004835,0.0145199825448195,0.210426015491472,0.014438979599258,1.0765503291028764,0.382441997890832,0,-0.020182168711798454,0,10.434775453706209,0,5.224623766139416,0,0.9997426727730954,0,10.12708627427277,1,243.45591494441032,0,0.03901956979188981,1,0.2730381138405278,0,0.00012626866907794465,0,3.4208582949167408,0,0.0018858669499195457,0,1.2655707486607355,0,-0.029574789923899947
1701358943.821,119.2245878716202,71.92379316765599,15.81947228588768,12.0016320479627,71.32143261510127,309.41262047695443,0.32785585736989,1.51982768759286,0.12886662627152,3.75239582528379,0.13606841468042,16.43806195730303,7.07473175510496,39655602.63454751,5429144.579427156,1956168.6480311304,35035883.87594337,13585971.860036831,264862878.0936244,2554435.087591108,215146.5081723625,0.0,8976367.684127247,13678918.37582898,2053741.2305922944,2089967.213114754,74.52421673155999,7480590.669551229,0.0,8980302.68642465,15534325.156537754,2879.463561475927,1180472.243026506,0.0,0,7583677.945208,0,0.0,645558.815070463,0,59000.092453911726,0,0,0,74207024.60479118,74.82235171620117,0,0,0,0,0,73.62668967500719,9.941189727272723,3.0285009090909085,0.8363972727272726,0.757385727272727,3.733943,15.997366272727271,0.020713818181818,0.0701322727272725,0.0134370923484845,0.2416117272727269,0.0133445009727269,1.069923727272727,0.3843803636363635,0,0.04908104643325828,0,24.318458630568927,0,5.055582966108574,0,0.8716452834984239,0,2.049055021426085,1,243.45591494441032,0,0.039044046418325706,1,0.14313748121537628,0,0.004908153076200961,0,2.3774211299420642,0,0.004927245109968226,0,1.4975091267761513,0,-0.026427240679079422
1701358948.821,118.94129146572509,71.39531595070866,15.69100330484748,11.84508789464251,70.53985855956009,309.49275806641265,0.32192315415223,1.53139403212762,0.12716314254206,3.74539516408228,0.13635462796582,16.6721068903578,7.085744463699021,40090911.806360245,5327156.4581405055,2005013.998938643,34187839.025264286,16682136.501111396,238233251.5765846,2573996.9051654264,212900.45581532127,0.0,11107734.625826787,6939947.926216584,1646360.6840063229,2794179.140041156,75.337048685832,7337430.827026732,0.0,13143749.148898046,18352148.671792444,3064.666690419354,595189.1533416845,0.0,0,9383684.408082943,0,0.0,1289473.2661828946,0,58799.94918422533,0,0,0,74260814.19460577,75.45501436887481,0,0,0,0,0,73.93768728112927,8.693780454545454,3.032837636363636,0.9831530909090904,0.8627711818181815,3.802054909090909,13.078462454545454,0.0208872727272724,0.0561562727272725,0.012511636363636,0.2076630909090905,0.0124114545454545,0.9288671818181816,0.3207020909090905,0,-0.024224658080555628,0,24.234359597229158,0,-0.15969144009432057,0,-1.15117187355861,0,1.4903114391639178,1,243.45591494440714,0,0.03813574590526514,1,0.24971354404777912,0,0.009119681129732271,0,3.5176963728904127,0,0.007648056801656367,0,7.484927356394962,0,-0.018197944071917438
1701358953.821,118.80407857273092,72.10258566012165,15.703414497307849,11.85447462503609,70.47042023740275,309.1364814460968,0.32997116950749,1.53289273097451,0.12554769612819,3.71856750586651,0.14196413834729,16.56499834694283,7.110544381888539,47683381.68690515,3627401.2748186686,1684179.5762353677,34393862.12864148,13400082.018468698,238398315.5390334,1935333.7149821792,212466.99315834843,0.0,11084227.67540429,6922759.922449428,2069543.8431315743,2837581.763832089,74.6818364146884,6175810.095977728,0.0,13223688.491491204,15351437.504544465,3045.353159851301,596650.9944414691,0.0,0,9363062.739890492,0,0.0,1308821.067688753,0,58968.71565682469,0,0,0,67361156.28252788,75.64033905191039,0,0,0,0,0,75.11599332465293,8.688420545454544,2.350608272727273,0.9824152727272726,0.8767001818181814,4.526448636363636,15.979552909090913,0.022908818181818,0.0680557272727269,0.013459610033333,0.203549818181818,0.0144086363636359,1.076213636363636,0.3864133636363634,0,-0.02515977992527496,0,37.25005743277619,0,-0.13958223571620465,0,-1.3178391594606182,0,-2.691018551922184,1,243.45591494441032,0,0.027849653810392283,1,0.15730157085977226,0,0.004807115141375107,0,3.6631819767133322,0,0.001968001174134315,0,1.2772485031130998,0,-0.024329896978841692
1701358958.821,118.74954558557268,72.44293091669942,15.633648205840911,11.84778682019676,70.9183210453305,309.51927158946404,0.32422103420701,1.54604561555387,0.11934149533051,3.7198253251308495,0.14519066937483,16.74490547235753,7.1475915572301405,54685267.69804422,3534904.109589041,1658376.5207032238,34381629.43741666,13100993.829026692,225177320.9809264,1862433.5495335408,208914.76391443927,0.0,8779290.054503264,13606459.359384548,1660043.3877188852,3535098.0722098257,73.42738827241276,7233961.729675597,0.0,17624078.134573106,14990088.172004765,3348.228882833787,574204.2470013327,0.0,0,7417714.316550643,0,0.0,1955402.860591872,0,58819.84334203656,0,0,0,75624734.4595822,72.78542869835628,0,0,0,0,0,74.91677945641439,8.697510545454545,3.1011916363636365,0.9804973636363636,0.8773194545454545,4.555105363636363,16.70845309090909,0.0228762727272725,0.0722104545454545,0.0103854545454545,0.1682657272727269,0.0152359865,0.9451483636363636,0.3198983636363635,0,-0.023584799579865035,0,22.910685544686515,0,-0.08701766314408133,0,-1.3246994109756542,0,-2.8046364336640295,1,243.45591494441032,0,0.028010882065416354,1,0.1295463213621133,0,0.019231234684468745,0,4.975682361247124,0,-0.0002268622760652761,0,6.693845289072584,0,-0.021031824123508014
1701358963.821,118.47568983596412,72.12898820773282,15.58038612173589,11.851859305596127,70.40509493237096,309.28115031013726,0.32557863228224,1.5568606467560702,0.11902367224727,3.71913063450333,0.14049002063198,16.808855910782032,7.12687079698866,55479019.42241944,1818507.385814944,2018247.8852519311,34849365.28345997,10162721.207481133,191191691.697864,1852235.294117647,213682.00852257,0.0,8671477.049879208,13699961.342165273,1678454.6250364757,3498774.7656447934,74.48897941369026,6033099.324010158,0.0,17863069.54997078,12370430.712020123,3157.0138735961245,570859.7285067873,0.0,0,7326904.078442517,0,0.0,1935922.9794780845,0,58746.59322579492,0,0,0,65284566.39506718,72.39819004524887,0,0,0,0,0,74.12501357269535,8.682929181818182,3.782630818181818,0.9774522727272724,0.8730405454545449,5.209588363636364,13.957885454545451,0.020895909090909,0.0745570909090905,0.011535944381818,0.165321909090909,0.014430545454545,0.9484033636363636,0.3212754545454545,0,-0.026136690592707623,0,10.562888644744234,0,-0.002687327032106168,0,-1.2763434574881671,0,-3.952999144069423,1,243.4559149444103,0,0.03809062390809004,1,0.11490205710100554,0,0.013684415194404664,0,5.090380985312947,0,0.001908683931503674,0,6.538743548143486,0,-0.019818947370575102
1701358968.821,118.20781140571404,71.69169401383698,15.47784011880115,11.76416891423988,69.49981003225626,309.2650319721756,0.32309942603086,1.5467635581216,0.11891349961849,3.74127824030098,0.14279069869764,16.77420467279608,7.13650575810185,55973881.649204575,1876531.4292056684,1975856.4305643053,43461087.43667311,13452538.042388787,166409261.8096833,1909441.5918077296,207697.3337397572,0.0,11347516.71602317,6661298.416050687,2069930.989724175,2797481.4814814813,75.15734233655664,7486198.083539903,0.0,17823728.250173125,15396520.110072348,3090.410555565779,588490.7344982781,0.0,0,9585254.884431282,0,0.0,1934592.5925925928,0,58722.11328573015,0,0,0,62686696.46953866,74.63420856033964,0,0,0,0,0,74.07407407407408,7.47366509090909,3.81541,0.8126858181818181,0.876816818181818,5.154073,13.815945,0.0230062727272725,0.070595909090909,0.0104494545454545,0.1308042727272725,0.015302615321212,0.954457909090909,0.320011909090909,0,-0.2754246234663924,0,10.041286287296089,0,6.121798683356872,0,-1.3191348973350614,0,-4.008529118133197,1,243.45591494441027,0,0.027367729273294117,1,0.1400546524068318,0,0.018918005417901895,0,6.494373530458461,0,-0.0003995890400005919,0,6.252964538172648,0,-0.019414107733851216
1701358973.821,118.42237311916516,71.81145024064267,15.51105232336549,11.77155193543647,69.57637444444457,309.1728228028504,0.32502807693739,1.55825340975788,0.11889090259192,3.74652151667426,0.13719462379661,16.639870509314008,7.08202099572222,47869891.26853377,1876492.984339713,2276155.3778474363,52545877.99772301,16774330.880468609,183086510.9567268,1951140.8036346035,212463.0961115188,0.0,8914946.806761079,7075333.694737825,2123392.075694856,2815939.419313735,149.95423759838917,7494522.972122468,0.0,22449702.30269198,18450744.2796998,3218.6880502920008,601365.9553867351,0.0,0,7531774.947464596,0,0.0,1947380.1401656508,0,58837.066380363554,0,0,0,60529623.345775366,76.26708375228094,0,0,0,0,0,74.56084463456814,6.293781454545454,3.1163838181818178,0.8170968181818181,0.7568123636363635,4.50966309090909,13.861117727272728,0.0230091818181815,0.070646545454545,0.0096577342060605,0.1306803636363635,0.0145973636363635,1.083675,0.3117960909090905,0,3.2728830744202497,0,22.617123410280882,0,5.918875818237183,0,0.8862993126597871,0,-2.622745068265118,1,243.4559149444103,0,0.027353370742730476,1,0.13971973976214258,0,0.022831570139487667,0,6.4996083311527855,0,0.001459171518263247,0,1.0212668232817634,0,-0.012303629570438068
